Instância;files/gr666.xml
Execução;2 / 3
Tamanho da Populaçap;200
Máximo de gerações;300
Mutação;5
Cruzamento;5
% Manpulação;30
% Mutação;20
Print Parcial;1
Ativa Recursivo;0
Percentual de Redução;77
Profundidade Máxima;5
Percentual de Eltismo;70
Seleção para Cruzamento;0
Forma de Seleção par Mutação;1

Geração 1 / 300:;Profundidade;0;Melhor;4137422.000000;Pior;4785822.000000;Media;4427016.140000;Tempo;2307.000000
Geração 2 / 300:;Profundidade;0;Melhor;4098124.000000;Pior;4918076.000000;Media;4414903.845000;Tempo;4696.000000
Temmpo de execução;4696.000000
melhor;4098124.000000
Individuo;0;366;119;345;492;298;655;641;268;255;178;95;93;585;334;20;246;553;464;310;173;507;416;348;344;489;346;166;245;440;350;372;352;353;665;100;30;101;358;470;360;307;395;363;364;365;508;367;212;3;398;244;351;525;133;375;458;377;566;113;380;515;382;400;384;385;197;387;109;187;62;550;602;461;215;557;39;86;420;393;383;401;402;478;404;323;661;316;291;106;410;284;412;413;414;415;342;452;418;419;45;421;325;423;205;160;31;424;485;224;514;431;432;433;434;435;581;437;438;439;136;441;66;443;505;230;338;447;448;449;450;451;488;453;454;455;320;397;527;294;460;411;462;463;446;571;466;467;456;469;359;269;381;473;474;475;270;477;552;479;483;481;280;6;8;436;259;487;278;369;83;139;198;239;386;495;496;427;21;623;500;48;502;409;504;444;425;70;242;396;510;511;512;471;430;516;506;143;518;519;339;521;522;523;524;116;69;376;549;206;530;287;532;533;314;620;536;529;16;84;540;541;650;543;544;545;232;185;548;209;563;551;457;406;554;577;556;362;558;559;560;561;459;391;564;565;15;555;258;569;231;34;572;104;115;121;472;257;85;591;96;260;331;568;341;256;445;254;253;252;251;250;642;582;648;14;503;141;130;636;592;335;498;132;23;354;225;9;357;408;226;223;539;32;493;465;35;36;562;38;200;40;110;426;43;44;54;46;47;607;613;586;167;52;18;12;55;388;57;619;59;60;61;394;163;148;138;272;218;336;526;330;203;72;181;74;638;76;234;78;79;10;81;82;490;171;403;632;87;88;217;90;91;122;332;94;11;486;97;313;340;355;157;102;103;573;105;368;107;108;647;41;204;112;68;114;267;266;117;118;2;120;311;214;64;124;241;126;476;631;129;156;131;22;25;75;135;98;137;65;583;282;538;276;517;590;145;328;288;317;149;150;319;152;51;154;622;662;484;158;159;281;327;494;606;164;165;289;243;168;595;170;482;172;99;277;175;67;177;80;196;180;248;182;534;50;378;186;389;188;189;190;191;192;193;194;195;547;570;219;199;509;201;337;71;111;497;537;207;407;374;608;211;297;202;151;649;216;262;179;222;77;221;621;356;155;326;499;579;228;229;174;162;546;233;220;125;236;265;238;390;240;235;587;373;176;343;290;208;349;429;639;329;146;657;324;63;213;347;322;321;520;17;442;370;589;315;183;56;312;33;468;309;308;361;306;305;37;303;302;301;300;299;635;273;296;295;92;293;292;28;379;263;480;134;528;285;147;283;578;123;227;279;542;26;142;275;274;153;53;271;304;513;27;49;612;611;610;618;210;501;261;605;628;603;392;601;600;599;616;597;596;169;594;593;19;89;144;399;333;1;422;588;584;491;640;428;580;42;264;567;614;575;574;576;615;598;617;318;58;535;4;660;29;624;625;626;627;604;629;630;128;286;633;634;249;184;637;531;140;127;7;5;643;644;161;646;73;13;609;654;651;652;653;417;371;656;645;658;659;247;405;237;663;664;24;
Melhor Alcançado;1000000.000000; Geração;165729480
Qtde de Entradas Recursivas;0; Qtde Execuções Recursivas;0; Qtde Execuções das Combinações;0



