Instância;./files/gr666.xml
Execução;1 / 25
Tamanho da Populaçap;200
Máximo de gerações;300
Mutação;6
Cruzamento;1
% Manpulação;30
% Mutação;2
Print Parcial;1
Ativa Recursivo;0
Percentual de Redução;78
Profundidade Máxima;100
Percentual de Eltismo;70
Seleção para Cruzamento;0
Forma de Seleção par Mutação;1

Geração 1 / 300:;Profundidade;0;Melhor;405789.000000;Pior;4808369.000000;Media;4371176.020000;Tempo;3784.000000
Geração 2 / 300:;Profundidade;0;Melhor;361779.000000;Pior;4926926.000000;Media;4305840.610000;Tempo;7502.000000
Geração 3 / 300:;Profundidade;0;Melhor;348934.000000;Pior;4977237.000000;Media;4243600.110000;Tempo;11167.000000
Geração 4 / 300:;Profundidade;0;Melhor;344298.000000;Pior;5071352.000000;Media;4142621.145000;Tempo;14866.000000
Temmpo de execução;14866.000000
melhor;344298.000000
Individuo;0;309;308;307;301;300;299;296;298;297;305;306;303;302;304;291;295;294;293;292;290;288;287;284;285;289;286;267;268;269;273;271;272;351;356;357;353;352;354;355;358;366;359;365;364;362;363;361;360;270;266;265;264;263;249;236;235;247;246;248;245;244;252;254;253;259;260;261;262;255;256;257;258;375;370;371;372;373;376;377;378;380;381;382;384;383;420;423;421;422;410;409;408;406;419;418;374;417;369;404;368;403;367;400;401;350;349;347;334;348;346;345;344;342;341;339;279;282;281;280;278;277;276;275;274;336;337;338;340;343;332;283;328;333;329;330;326;325;327;321;331;389;335;396;392;391;390;441;395;394;393;402;397;398;399;444;405;407;411;413;414;415;427;426;431;424;425;430;432;433;434;153;152;151;388;386;385;387;150;379;149;147;251;250;243;242;146;239;240;241;237;238;145;144;143;142;141;234;140;139;138;168;167;166;169;173;174;175;172;171;170;148;182;181;176;178;177;179;186;180;187;183;184;185;190;189;188;192;194;193;206;207;196;208;209;210;211;212;213;214;229;215;222;221;223;224;225;226;227;228;219;220;218;216;217;108;107;106;105;115;113;112;111;110;109;114;116;104;100;99;101;103;102;137;126;125;117;118;119;120;121;122;123;124;127;128;129;130;131;132;133;134;135;83;84;136;85;80;79;81;86;82;88;71;70;92;97;98;96;94;95;93;91;90;89;87;78;77;76;74;75;73;51;50;72;64;65;69;68;67;66;63;60;62;61;59;58;57;56;55;53;54;52;27;28;25;23;22;20;21;5;7;6;8;9;11;10;29;30;37;36;41;12;14;13;15;16;17;45;46;47;48;42;43;38;39;44;49;40;35;34;33;32;31;26;24;19;18;4;1;2;3;478;480;479;477;476;475;474;467;464;463;437;312;436;310;311;316;319;317;318;320;322;324;323;314;313;438;439;315;440;442;443;445;412;446;416;428;429;487;486;488;493;489;490;494;495;496;497;435;499;500;498;501;155;154;157;156;158;160;161;162;191;195;197;198;199;200;201;204;205;203;231;230;232;233;558;557;555;556;554;553;551;549;552;548;550;547;541;542;539;540;543;544;545;559;601;560;561;546;562;563;564;565;566;567;573;572;571;570;569;568;606;604;605;598;607;608;600;599;597;595;596;594;591;589;588;587;576;575;574;577;578;579;580;581;582;584;583;586;590;592;593;639;585;640;647;646;655;645;644;641;642;643;648;649;650;651;652;654;653;661;663;664;662;660;659;658;657;656;637;638;636;635;634;632;633;631;630;629;628;627;626;624;625;623;484;482;483;481;619;485;622;621;620;618;617;616;615;613;611;610;609;612;614;603;602;473;469;470;471;527;528;529;535;536;537;538;534;533;532;531;530;472;468;466;465;462;461;450;449;448;447;451;452;453;454;455;456;457;460;520;521;519;458;459;491;492;518;517;516;522;515;514;523;524;525;526;509;510;512;511;513;502;504;503;159;163;506;505;508;507;165;164;202;665;
Melhor Alcançado;344298.000000; Geração;4
Qtde de Entradas Recursivas;0; Qtde Execuções Recursivas;0; Qtde Execuções das Combinações;0



