Instância;files/gr666.xml
Execução;3 / 3
Tamanho da Populaçap;200
Máximo de gerações;300
Mutação;5
Cruzamento;12
% Manpulação;30
% Mutação;20
Print Parcial;1
Ativa Recursivo;0
Percentual de Redução;77
Profundidade Máxima;5
Percentual de Eltismo;70
Seleção para Cruzamento;0
Forma de Seleção par Mutação;1

Geração 1 / 300:;Profundidade;0;Melhor;4059369.000000;Pior;4648893.000000;Media;4405475.985000;Tempo;2309.000000
Geração 2 / 300:;Profundidade;0;Melhor;4021266.000000;Pior;4572319.000000;Media;4378710.030000;Tempo;4589.000000
Temmpo de execução;4589.000000
melhor;4021266.000000
Individuo;0;1;2;513;451;378;375;448;492;78;371;370;369;368;346;597;222;364;121;362;42;360;546;103;63;356;355;354;353;507;645;350;349;348;347;367;345;479;210;476;33;173;339;520;343;260;149;660;517;456;651;424;329;74;486;326;522;324;453;322;321;320;612;296;317;171;315;314;159;506;75;244;309;86;307;270;665;304;303;614;464;562;508;458;297;144;105;116;66;8;67;399;542;473;13;273;15;16;528;460;247;20;21;276;23;216;25;151;162;250;29;474;31;477;341;34;35;36;37;38;106;292;41;22;500;377;45;46;47;289;49;157;664;52;357;351;55;56;89;58;489;60;61;68;100;64;539;154;571;529;581;468;595;567;220;328;311;164;454;84;79;80;81;82;195;126;85;44;87;380;57;90;91;6;93;94;131;96;97;649;99;199;544;530;226;558;175;386;535;114;534;583;111;110;107;108;503;39;442;628;633;515;570;596;342;243;9;459;591;526;589;588;587;615;585;73;302;344;88;405;537;578;577;83;498;574;573;572;593;366;569;396;334;624;643;654;439;300;561;560;559;18;145;556;379;12;553;205;551;462;549;548;547;518;237;101;616;53;541;397;65;538;319;429;115;233;69;259;531;609;62;50;155;564;146;524;169;525;76;338;519;543;333;229;552;514;32;613;511;272;72;290;104;312;505;403;640;434;568;579;499;150;200;496;7;494;493;373;491;490;285;488;178;266;444;532;483;482;481;656;461;478;3;657;475;232;365;497;471;432;469;70;467;466;465;655;463;592;582;510;26;313;457;443;455;504;622;452;4;436;449;594;447;446;206;438;336;294;389;440;332;238;268;450;77;550;433;102;431;361;610;428;208;120;143;359;142;422;421;420;419;277;417;416;415;372;181;412;557;410;409;408;407;636;138;404;435;402;401;413;27;59;540;242;43;394;158;392;391;390;441;388;634;92;385;384;383;113;153;301;340;5;625;646;638;293;40;291;299;48;288;335;286;382;393;283;118;495;485;279;278;418;430;501;274;387;316;271;306;484;502;267;327;265;411;263;262;325;211;134;512;257;256;255;254;253;252;204;112;141;248;19;603;214;516;207;30;241;240;239;280;139;156;445;234;176;282;231;230;95;228;427;437;617;224;331;400;221;584;647;218;217;24;249;298;323;295;563;337;641;213;555;533;470;381;203;202;201;264;189;308;197;196;631;194;198;192;191;190;644;188;663;186;185;184;183;182;14;275;179;487;177;227;117;174;374;172;235;170;575;168;167;166;165;521;163;653;605;160;180;310;17;137;527;635;632;152;358;472;287;148;147;261;212;28;425;423;215;140;545;580;236;136;135;269;133;132;245;130;129;128;127;414;125;124;123;554;363;71;119;122;193;662;246;604;330;606;607;608;598;318;611;395;258;536;586;161;398;618;619;620;621;54;623;627;284;523;566;352;629;630;576;251;659;281;509;601;637;626;639;109;209;642;225;11;406;376;648;219;98;650;223;652;10;590;565;480;426;658;599;600;661;602;187;51;305;
Melhor Alcançado;1000000.000000; Geração;234
Qtde de Entradas Recursivas;0; Qtde Execuções Recursivas;0; Qtde Execuções das Combinações;0



