Instância;./files/gr666.xml
Execução;25 / 25
Tamanho da Populaçap;200
Máximo de gerações;300
Mutação;6
Cruzamento;5
% Manpulação;30
% Mutação;2
Print Parcial;1
Ativa Recursivo;0
Percentual de Redução;78
Profundidade Máxima;100
Percentual de Eltismo;70
Seleção para Cruzamento;0
Forma de Seleção par Mutação;1

Geração 1 / 300:;Profundidade;0;Melhor;424901.000000;Pior;4747404.000000;Media;4368398.810000;Tempo;3789.000000
Geração 2 / 300:;Profundidade;0;Melhor;367885.000000;Pior;4850036.000000;Media;4292974.445000;Tempo;7506.000000
Geração 3 / 300:;Profundidade;0;Melhor;350784.000000;Pior;4774343.000000;Media;4211208.220000;Tempo;11230.000000
Geração 4 / 300:;Profundidade;0;Melhor;345790.000000;Pior;4742862.000000;Media;4134052.340000;Tempo;14948.000000
Temmpo de execução;14948.000000
melhor;345790.000000
Individuo;0;1;478;2;3;4;6;7;19;18;5;20;21;22;23;25;27;26;24;28;52;53;56;57;61;62;60;59;58;55;54;33;34;35;40;39;32;31;30;29;10;8;9;11;309;308;307;301;300;299;298;296;297;295;294;293;292;291;305;306;304;303;302;263;284;285;288;287;290;289;286;267;264;265;266;259;268;269;277;276;275;278;280;281;282;279;283;332;344;343;340;342;341;339;338;337;336;274;273;351;271;272;356;357;353;352;354;345;355;358;359;364;363;362;361;360;270;261;260;262;255;256;257;375;370;371;372;376;258;379;149;147;146;242;250;243;251;244;252;254;253;248;245;246;247;249;236;235;238;237;241;240;239;145;144;142;143;141;139;140;234;17;16;13;15;14;45;46;47;48;42;12;41;36;37;38;43;44;49;50;51;73;72;64;63;65;66;67;68;69;70;71;91;90;89;87;86;82;88;75;74;76;77;78;79;80;81;136;85;84;83;135;133;134;132;131;130;129;217;216;207;206;194;193;195;191;197;200;199;198;196;208;209;210;219;218;220;228;227;224;226;225;215;223;221;222;211;212;213;214;229;230;232;231;233;202;203;204;205;201;164;165;505;507;508;506;163;504;503;502;158;159;160;161;162;185;184;183;189;188;192;190;187;186;180;179;177;178;176;175;174;173;169;168;167;138;166;172;171;181;182;170;148;153;152;151;150;387;388;386;385;384;383;382;381;380;377;378;373;365;366;367;400;401;396;393;397;398;402;403;368;404;369;419;417;374;418;420;421;423;425;430;432;434;487;433;431;427;424;426;415;416;428;429;486;488;489;493;435;155;157;154;156;501;498;500;499;496;497;495;494;492;490;454;446;412;414;413;411;409;410;422;408;406;407;405;444;399;394;395;441;390;391;392;389;331;335;350;349;346;348;347;334;333;329;328;330;326;325;327;321;320;319;318;317;316;323;322;324;314;313;312;311;310;436;437;463;464;467;466;465;462;461;449;450;448;447;438;315;439;440;442;443;445;452;451;453;455;456;457;460;519;459;458;491;518;517;516;522;520;521;524;525;523;515;514;513;511;512;510;509;526;527;528;471;472;470;468;469;473;601;560;559;544;545;543;539;540;542;541;534;533;532;531;530;529;535;536;538;537;547;550;553;554;557;558;555;551;548;552;549;546;562;561;563;564;565;573;567;566;568;606;604;605;602;603;614;612;609;610;611;613;616;615;475;474;476;481;483;482;477;480;479;484;623;624;625;626;629;630;627;628;485;619;618;617;620;621;622;632;631;633;634;600;608;599;598;607;569;570;571;572;577;574;575;576;578;579;581;580;582;584;583;586;587;588;589;590;585;639;592;593;591;594;596;597;595;635;636;637;638;646;656;657;658;659;660;661;662;653;652;654;655;645;644;647;640;641;642;643;649;650;651;648;665;107;108;109;106;115;105;114;113;112;110;111;118;119;120;121;123;122;124;127;128;126;125;117;116;104;103;102;137;101;100;99;98;97;96;94;93;95;92;663;664;556;
Melhor Alcançado;345790.000000; Geração;4
Qtde de Entradas Recursivas;0; Qtde Execuções Recursivas;0; Qtde Execuções das Combinações;0



