Instância;./files/gr666.xml
Execução;8 / 25
Tamanho da Populaçap;200
Máximo de gerações;300
Mutação;6
Cruzamento;1
% Manpulação;30
% Mutação;2
Print Parcial;1
Ativa Recursivo;0
Percentual de Redução;78
Profundidade Máxima;100
Percentual de Eltismo;70
Seleção para Cruzamento;0
Forma de Seleção par Mutação;1

Geração 1 / 300:;Profundidade;0;Melhor;409413.000000;Pior;4993523.000000;Media;4391308.815000;Tempo;3768.000000
Geração 2 / 300:;Profundidade;0;Melhor;359998.000000;Pior;5005912.000000;Media;4292730.755000;Tempo;7485.000000
Geração 3 / 300:;Profundidade;0;Melhor;342685.000000;Pior;5014742.000000;Media;4168349.720000;Tempo;10970.000000
Geração 4 / 300:;Profundidade;0;Melhor;339578.000000;Pior;4979936.000000;Media;3974865.690000;Tempo;14408.000000
Temmpo de execução;14408.000000
melhor;339578.000000
Individuo;0;309;308;307;301;300;317;318;316;319;320;322;324;323;314;313;312;311;310;436;437;438;315;439;440;441;390;391;392;393;398;397;402;396;403;404;368;406;408;409;410;422;421;423;420;382;381;380;377;378;376;375;258;257;256;255;244;251;147;149;379;150;151;152;388;387;386;385;384;383;425;430;432;433;431;424;426;427;415;412;446;454;455;450;456;457;460;519;458;459;491;492;494;495;496;497;498;501;500;499;435;493;488;489;490;518;517;516;522;520;521;524;526;525;523;515;514;513;512;511;510;509;538;537;535;529;528;527;471;472;530;531;532;533;534;536;541;539;540;542;543;544;559;545;548;547;550;553;551;554;557;556;555;552;549;546;561;562;563;566;567;565;564;573;574;577;575;576;578;579;581;580;582;583;584;590;585;592;591;594;596;597;595;589;586;587;588;571;572;569;570;568;607;598;609;612;603;602;604;605;606;560;601;473;469;470;468;465;466;476;481;477;480;479;478;1;2;3;4;5;18;19;6;7;9;8;10;30;29;11;36;37;41;12;13;14;15;16;17;45;46;47;48;42;43;31;32;38;39;49;44;40;35;34;33;27;26;24;21;20;22;23;25;28;52;53;54;55;56;57;58;59;61;60;62;63;64;65;66;67;68;69;70;71;88;86;82;87;75;74;73;72;50;51;76;77;78;79;80;81;85;84;83;133;129;130;131;132;134;135;136;137;96;90;89;91;93;95;94;92;97;98;99;100;101;103;102;125;126;127;128;124;123;122;121;120;119;118;117;116;104;105;115;106;114;113;112;111;110;109;108;107;664;663;661;659;660;662;653;652;654;655;645;644;642;643;649;650;651;648;665;640;641;647;639;593;636;638;646;637;656;657;658;635;634;600;599;608;610;611;613;620;621;622;633;632;631;630;628;629;627;626;625;624;623;484;482;483;485;619;618;617;616;615;614;475;474;467;464;463;461;462;449;448;447;451;452;453;445;443;442;395;394;399;444;405;407;411;413;414;416;428;429;486;487;434;153;154;156;157;155;158;502;504;503;159;160;161;164;163;506;505;507;508;165;202;233;231;230;232;229;215;225;226;227;228;224;221;223;222;211;210;209;208;212;214;213;204;205;203;201;200;199;198;197;196;195;191;162;185;184;183;187;189;190;188;192;194;193;206;207;219;218;220;217;216;176;178;177;179;180;186;182;148;170;181;171;172;174;175;173;169;168;138;167;166;139;140;234;249;236;235;238;237;241;240;239;145;143;141;142;144;146;242;250;243;246;247;248;245;252;254;259;253;266;267;264;265;263;284;302;303;304;306;305;297;299;298;296;295;294;292;291;293;290;287;288;285;286;289;277;276;269;268;270;362;363;364;361;360;261;260;262;370;371;372;373;374;417;418;419;369;367;366;365;359;358;400;401;350;349;348;347;334;335;389;331;327;321;325;326;330;329;328;333;345;346;355;354;352;353;357;356;272;271;351;273;336;274;275;278;279;282;280;281;283;332;344;340;343;342;341;339;337;338;558;
Melhor Alcançado;339578.000000; Geração;4
Qtde de Entradas Recursivas;0; Qtde Execuções Recursivas;0; Qtde Execuções das Combinações;0



