Instância;files/gr666.xml
Execução;3 / 3
Tamanho da Populaçap;200
Máximo de gerações;300
Mutação;5
Cruzamento;11
% Manpulação;30
% Mutação;20
Print Parcial;1
Ativa Recursivo;0
Percentual de Redução;77
Profundidade Máxima;5
Percentual de Eltismo;70
Seleção para Cruzamento;0
Forma de Seleção par Mutação;1

Geração 1 / 300:;Profundidade;0;Melhor;4157276.000000;Pior;4733553.000000;Media;4411621.020000;Tempo;2284.000000
Geração 2 / 300:;Profundidade;0;Melhor;4118316.000000;Pior;4595019.000000;Media;4379130.900000;Tempo;4588.000000
Temmpo de execução;4588.000000
melhor;4118316.000000
Individuo;0;223;13;445;169;376;6;7;8;9;396;11;526;2;431;209;419;598;249;358;20;21;22;413;24;511;272;532;609;261;464;315;32;33;34;277;543;52;138;142;262;547;119;610;266;498;68;269;656;271;26;500;135;441;630;35;278;125;280;188;282;326;284;287;286;462;241;289;436;465;292;350;466;295;613;64;308;451;242;301;518;158;304;369;509;147;180;437;310;311;328;313;529;144;316;317;318;248;600;517;322;323;513;258;283;227;312;508;330;389;332;69;604;335;405;337;79;623;307;341;342;541;344;480;346;347;348;349;293;123;352;388;384;425;139;25;166;546;416;264;362;496;491;397;243;256;100;305;370;371;77;327;374;72;5;377;82;379;320;554;28;561;510;385;386;487;353;531;494;391;646;61;394;395;665;89;37;399;373;401;402;375;411;552;406;407;408;456;53;624;412;23;97;415;57;417;542;16;420;421;60;423;176;581;426;179;629;429;430;627;432;433;434;435;231;309;438;651;650;538;214;162;367;255;254;253;449;446;250;488;259;536;246;245;189;124;56;288;240;239;398;558;499;235;234;30;232;212;230;229;228;343;226;302;224;1;564;221;220;219;218;217;216;215;519;614;132;211;178;267;208;290;133;566;489;203;202;460;535;199;10;197;196;274;194;365;192;191;620;478;213;187;319;185;44;183;127;145;181;86;210;351;570;175;174;173;172;171;661;281;612;167;19;165;482;163;204;161;128;159;273;247;156;653;45;447;244;151;134;149;148;17;146;645;31;143;29;575;140;325;495;355;74;654;576;490;585;131;130;512;621;644;126;461;296;503;359;121;120;555;3;118;116;294;114;113;112;111;110;109;594;252;106;105;206;553;102;101;182;99;98;414;257;392;427;93;92;91;90;336;88;87;104;85;84;41;338;652;80;39;400;265;76;75;299;409;207;237;70;455;236;94;66;238;297;63;62;493;422;59;58;360;233;55;54;410;65;51;639;49;48;47;46;81;12;43;42;657;40;625;440;222;442;443;444;580;559;619;448;198;450;136;452;403;115;662;548;533;458;459;164;50;418;263;314;291;177;467;468;469;470;615;472;473;474;475;476;477;155;479;578;481;201;354;345;485;356;404;15;141;597;364;303;137;502;38;363;497;590;268;492;501;329;390;486;439;539;339;103;275;628;357;129;306;298;514;516;321;225;153;520;521;270;523;524;525;184;527;96;562;530;331;340;361;534;190;157;537;453;71;540;4;200;36;544;545;122;382;168;383;550;551;107;507;504;457;556;618;506;251;560;634;300;563;279;565;205;567;587;569;463;571;572;573;574;528;150;577;193;380;515;324;582;583;584;285;586;568;588;589;18;591;592;593;108;595;596;195;393;599;483;601;602;603;334;605;606;387;608;424;505;611;154;549;368;471;616;617;557;67;484;160;78;579;607;378;626;14;117;428;276;631;632;633;27;635;636;637;638;366;640;641;649;648;647;642;643;186;622;95;664;663;333;170;660;659;658;83;522;655;454;152;73;372;260;381;
Melhor Alcançado;1000000.000000; Geração;33
Qtde de Entradas Recursivas;0; Qtde Execuções Recursivas;0; Qtde Execuções das Combinações;0



