Instância;./files/gr666.xml
Execução;14 / 25
Tamanho da Populaçap;200
Máximo de gerações;300
Mutação;6
Cruzamento;1
% Manpulação;30
% Mutação;2
Print Parcial;1
Ativa Recursivo;0
Percentual de Redução;78
Profundidade Máxima;100
Percentual de Eltismo;70
Seleção para Cruzamento;0
Forma de Seleção par Mutação;1

Geração 1 / 300:;Profundidade;0;Melhor;398374.000000;Pior;5182429.000000;Media;4385677.055000;Tempo;3521.000000
Geração 2 / 300:;Profundidade;0;Melhor;350800.000000;Pior;5172608.000000;Media;4312531.195000;Tempo;6975.000000
Geração 3 / 300:;Profundidade;0;Melhor;336908.000000;Pior;5116733.000000;Media;4241265.350000;Tempo;10436.000000
Geração 4 / 300:;Profundidade;0;Melhor;331853.000000;Pior;5094986.000000;Media;4146575.955000;Tempo;14470.000000
Temmpo de execução;14470.000000
melhor;331853.000000
Individuo;0;309;308;17;16;15;14;13;45;47;46;48;42;41;12;43;37;36;29;30;10;8;9;11;6;7;19;24;26;33;34;32;31;38;39;49;44;40;35;54;55;59;61;62;63;60;58;57;56;53;52;28;27;25;23;22;20;21;18;5;4;3;2;1;478;480;479;477;481;619;618;613;611;610;609;605;604;602;603;612;614;615;616;617;621;620;485;483;482;484;623;624;625;626;628;629;627;630;631;622;632;633;634;635;636;592;591;594;595;596;597;599;600;608;598;607;568;569;570;567;566;606;601;560;545;559;544;543;542;540;539;473;469;470;471;472;530;531;532;533;534;535;529;527;528;526;525;512;511;510;509;538;537;536;541;547;550;548;551;553;554;557;558;556;555;552;549;561;546;562;563;565;564;573;572;571;574;575;577;576;578;579;580;581;582;583;584;586;587;588;589;590;585;593;639;647;640;641;642;643;648;649;650;651;652;653;654;655;644;645;646;638;637;656;657;658;659;660;662;661;663;664;665;108;107;106;105;115;104;116;114;113;109;110;112;111;118;119;122;123;124;121;120;117;125;126;127;128;129;130;131;132;134;133;135;136;137;102;103;101;99;100;98;97;92;93;95;94;96;90;89;91;86;82;87;88;71;70;69;68;66;67;65;64;72;73;50;51;75;74;76;77;78;80;79;81;85;84;83;138;167;166;168;169;173;174;171;172;175;176;177;178;179;186;180;182;181;170;148;183;184;185;190;188;192;189;216;217;228;227;226;224;225;215;229;230;232;231;233;202;204;205;203;201;200;199;198;197;196;208;209;210;212;213;214;211;223;222;221;219;220;218;207;206;194;193;195;191;162;161;160;159;502;503;504;163;164;165;506;505;507;508;513;515;523;514;524;521;520;522;516;517;518;519;460;457;456;450;451;447;448;449;461;462;468;465;466;467;475;476;474;464;463;437;436;310;311;316;312;438;313;314;315;439;440;443;442;395;441;390;391;392;393;394;399;444;405;398;397;402;396;403;368;404;369;419;418;417;374;373;378;377;376;372;371;375;370;262;260;261;270;360;361;362;363;364;271;269;268;273;351;272;356;357;353;352;354;355;358;359;365;366;367;400;401;350;349;348;347;346;345;332;344;343;341;342;340;338;337;339;336;274;275;277;276;278;279;280;282;281;283;328;333;334;335;389;331;329;330;326;325;327;321;324;323;322;320;319;317;318;300;301;307;302;303;304;305;306;297;298;299;296;295;294;291;292;293;290;289;286;267;285;288;287;284;263;264;265;266;259;253;254;252;244;255;256;257;258;380;381;382;383;384;423;420;421;408;422;410;409;406;407;411;413;414;415;426;427;431;424;425;430;432;433;434;487;486;428;429;416;454;446;412;445;453;452;455;458;459;491;492;490;488;489;493;494;495;496;497;435;499;500;498;501;155;158;156;157;154;153;152;151;388;385;386;387;379;150;149;147;251;250;242;146;239;240;241;235;237;238;145;144;143;142;141;139;140;234;236;249;247;246;248;245;243;187;
Melhor Alcançado;331853.000000; Geração;4
Qtde de Entradas Recursivas;0; Qtde Execuções Recursivas;0; Qtde Execuções das Combinações;0



