Instância;./files/gr666.xml
Execução;1 / 25
Tamanho da Populaçap;200
Máximo de gerações;300
Mutação;6
Cruzamento;0
% Manpulação;30
% Mutação;2
Print Parcial;1
Ativa Recursivo;0
Percentual de Redução;78
Profundidade Máxima;100
Percentual de Eltismo;70
Seleção para Cruzamento;0
Forma de Seleção par Mutação;1

Geração 1 / 300:;Profundidade;0;Melhor;398900.000000;Pior;5070089.000000;Media;4357963.310000;Tempo;3773.000000
Geração 2 / 300:;Profundidade;0;Melhor;347755.000000;Pior;5058345.000000;Media;4225134.545000;Tempo;7292.000000
Geração 3 / 300:;Profundidade;0;Melhor;336603.000000;Pior;4965187.000000;Media;4117898.505000;Tempo;10811.000000
Geração 4 / 300:;Profundidade;0;Melhor;333658.000000;Pior;4902636.000000;Media;3968681.110000;Tempo;14330.000000
Geração 5 / 300:;Profundidade;0;Melhor;332461.000000;Pior;4884449.000000;Media;3798427.010000;Tempo;17836.000000
Temmpo de execução;17836.000000
melhor;332461.000000
Individuo;0;464;463;437;438;439;314;315;313;312;436;310;311;316;307;301;300;317;318;319;325;326;330;331;329;328;283;332;343;341;342;340;339;338;337;336;274;279;282;281;280;278;275;277;276;269;268;267;286;289;285;288;287;290;293;292;291;294;295;299;298;296;297;305;306;304;303;302;284;263;264;265;266;270;271;273;351;352;354;353;357;356;272;363;362;364;361;360;262;260;261;256;257;370;375;371;372;373;374;418;420;421;423;425;424;431;427;426;413;414;415;428;416;429;487;486;488;454;446;412;445;443;442;440;395;399;394;393;396;392;391;390;441;324;323;322;320;321;327;389;335;334;333;345;346;348;347;349;350;401;400;358;355;359;365;366;367;404;368;403;402;397;398;444;405;406;407;411;410;422;409;408;419;369;417;378;376;377;258;255;252;254;259;253;248;246;247;249;236;235;238;237;241;240;239;145;144;143;142;141;140;234;139;166;138;167;168;169;173;174;175;172;171;170;148;146;242;250;243;245;244;251;147;149;150;151;152;388;385;386;387;379;380;381;382;383;384;430;432;433;434;153;154;157;156;155;500;498;501;499;496;497;435;495;494;493;489;490;492;491;459;458;519;518;517;516;522;515;514;523;525;524;521;520;460;457;456;455;453;452;451;447;448;450;449;461;462;465;468;473;469;466;467;475;474;476;477;482;483;481;619;485;621;620;618;617;615;616;613;610;611;608;600;599;597;596;595;594;591;592;593;636;637;638;646;645;642;643;644;641;647;640;639;585;590;589;588;587;586;583;584;582;581;580;579;576;575;578;577;574;571;572;573;564;565;566;567;568;570;569;598;607;609;612;614;603;602;604;605;606;563;562;561;546;549;552;555;557;556;558;554;551;553;550;547;541;542;548;544;545;560;601;559;543;540;539;532;531;533;534;537;538;536;535;529;530;472;470;471;528;527;526;509;510;511;512;513;502;158;503;504;159;163;506;505;508;507;165;164;161;160;162;185;184;183;182;181;177;176;178;179;186;180;187;189;188;192;190;191;197;195;194;193;206;207;196;198;199;200;201;203;205;204;202;233;232;230;231;229;214;213;212;208;209;210;211;221;222;223;215;225;224;226;227;228;220;219;218;216;217;108;107;665;648;649;650;651;652;653;654;655;656;657;658;635;634;633;632;622;631;627;630;629;628;626;625;624;623;484;479;480;478;2;1;3;4;5;18;19;7;6;9;8;10;30;29;11;309;308;17;16;15;13;14;45;47;46;48;42;12;41;43;36;37;38;32;31;33;34;35;40;39;44;49;50;72;73;51;74;75;76;77;78;80;81;79;86;87;82;88;89;90;91;93;94;96;137;136;85;84;83;135;133;134;132;131;130;129;128;127;124;122;123;121;119;120;118;111;113;112;110;109;106;115;105;114;116;117;125;126;102;103;101;104;100;99;98;97;95;92;70;71;69;67;68;66;65;64;63;62;60;59;58;61;57;56;55;54;53;52;28;24;26;27;25;23;22;20;21;659;660;661;662;663;664;344;
Melhor Alcançado;332461.000000; Geração;5
Qtde de Entradas Recursivas;0; Qtde Execuções Recursivas;0; Qtde Execuções das Combinações;0



