Instância;./files/gr666.xml
Execução;14 / 25
Tamanho da Populaçap;200
Máximo de gerações;300
Mutação;6
Cruzamento;3
% Manpulação;30
% Mutação;2
Print Parcial;1
Ativa Recursivo;0
Percentual de Redução;78
Profundidade Máxima;100
Percentual de Eltismo;70
Seleção para Cruzamento;0
Forma de Seleção par Mutação;1

Geração 1 / 300:;Profundidade;0;Melhor;409862.000000;Pior;4773018.000000;Media;4367271.215000;Tempo;3478.000000
Geração 2 / 300:;Profundidade;0;Melhor;351353.000000;Pior;4810392.000000;Media;4292985.285000;Tempo;6900.000000
Geração 3 / 300:;Profundidade;0;Melhor;334283.000000;Pior;4683982.000000;Media;4206705.910000;Tempo;10356.000000
Geração 4 / 300:;Profundidade;0;Melhor;326625.000000;Pior;4814827.000000;Media;4111211.160000;Tempo;13771.000000
Geração 5 / 300:;Profundidade;0;Melhor;326206.000000;Pior;4766515.000000;Media;4040661.615000;Tempo;17191.000000
Temmpo de execução;17191.000000
melhor;326206.000000
Individuo;0;309;11;308;307;301;300;299;298;296;297;305;306;303;302;304;292;295;294;293;291;290;289;286;285;288;287;284;263;265;264;267;268;266;259;253;248;246;247;249;236;235;238;239;240;241;237;145;143;141;142;144;146;242;243;245;254;252;244;251;250;147;149;151;150;379;380;258;375;371;370;257;256;255;262;260;261;360;361;362;363;364;272;351;271;270;269;273;352;353;356;357;355;354;346;333;345;332;344;343;341;342;340;339;338;337;336;274;275;276;277;278;279;280;281;282;283;328;329;331;330;326;325;327;321;389;335;334;347;348;349;350;401;400;358;359;366;367;369;404;368;403;402;398;394;393;397;396;392;391;390;441;395;399;444;405;406;408;419;418;417;374;373;365;372;376;377;378;420;423;421;422;410;409;407;411;413;414;415;428;429;416;454;446;412;445;443;442;440;324;323;322;320;319;318;317;316;311;310;436;312;313;314;315;439;438;437;463;464;477;480;479;478;1;2;3;4;5;18;19;7;6;9;8;10;30;29;31;32;33;34;35;40;64;65;67;68;69;70;71;88;87;82;86;81;79;80;78;77;76;75;74;73;72;51;50;49;44;39;38;37;36;43;41;12;42;48;47;46;45;13;14;15;16;17;234;140;139;166;168;138;167;169;173;174;171;172;175;176;177;178;179;186;180;182;181;170;148;152;388;386;385;387;381;382;383;384;425;430;432;153;434;433;431;424;426;427;487;486;488;490;489;493;435;154;157;156;155;500;498;501;499;496;497;495;494;492;491;458;459;519;518;517;522;516;515;514;523;524;521;520;460;457;456;455;453;452;451;447;448;449;450;461;462;465;466;467;475;474;476;481;619;485;482;483;484;623;624;625;626;628;627;629;630;631;622;632;633;634;599;600;608;598;607;609;610;611;613;617;621;620;618;616;615;614;612;603;602;604;605;606;568;569;570;571;572;573;567;566;565;564;563;562;561;546;549;552;548;551;555;556;558;557;554;553;550;547;541;542;540;539;543;544;545;559;560;601;473;469;468;470;471;472;530;533;532;531;534;538;537;536;535;529;528;527;526;525;510;509;511;512;513;508;505;506;507;165;164;163;159;503;504;502;158;160;161;162;185;184;183;187;188;192;189;190;191;195;193;194;206;207;196;197;198;199;200;201;203;204;205;202;233;231;230;232;229;215;214;213;208;209;210;212;211;222;221;223;225;226;227;224;228;220;218;219;216;217;122;123;124;121;119;118;120;125;117;113;112;111;110;109;108;665;107;106;115;105;114;116;104;103;102;126;127;128;129;131;130;132;133;134;135;83;84;85;136;137;101;100;99;98;97;96;90;89;91;93;94;92;66;63;60;62;61;59;58;57;56;55;54;53;52;28;27;26;24;25;23;22;21;20;659;660;653;652;654;655;656;637;657;658;635;636;638;646;639;593;592;585;590;586;588;597;596;595;594;591;589;587;576;574;575;577;578;579;581;580;582;583;584;640;647;641;645;644;642;643;648;649;650;651;662;661;663;664;95;
Melhor Alcançado;326206.000000; Geração;5
Qtde de Entradas Recursivas;0; Qtde Execuções Recursivas;0; Qtde Execuções das Combinações;0



