Instância;files/gr666.xml
Execução;3 / 3
Tamanho da Populaçap;200
Máximo de gerações;300
Mutação;5
Cruzamento;9
% Manpulação;30
% Mutação;20
Print Parcial;1
Ativa Recursivo;0
Percentual de Redução;77
Profundidade Máxima;5
Percentual de Eltismo;70
Seleção para Cruzamento;0
Forma de Seleção par Mutação;1

Geração 1 / 300:;Profundidade;0;Melhor;4143493.000000;Pior;4724326.000000;Media;4382317.125000;Tempo;2298.000000
Geração 2 / 300:;Profundidade;0;Melhor;4031233.000000;Pior;4620243.000000;Media;4340652.900000;Tempo;4606.000000
Temmpo de execução;4606.000000
melhor;4031233.000000
Individuo;0;456;34;26;492;91;39;40;107;331;43;144;372;295;581;48;50;51;52;53;54;120;56;57;58;59;49;61;63;64;65;68;171;66;79;463;71;253;165;117;28;76;84;327;69;19;82;341;201;62;362;88;89;500;92;93;94;320;96;97;98;308;435;319;102;103;105;106;110;108;452;199;111;129;652;278;520;205;622;618;12;352;316;391;304;508;555;506;654;631;29;118;86;311;6;638;23;512;153;655;586;15;440;18;16;17;112;20;21;149;523;24;25;127;27;573;483;240;31;390;328;35;509;566;473;158;460;42;121;44;45;46;47;664;301;126;22;246;574;329;578;379;424;612;257;128;225;358;577;287;355;70;632;615;73;160;75;276;217;511;374;80;209;651;653;239;254;99;90;55;569;237;335;100;101;450;159;3;333;211;459;534;347;447;378;115;292;381;104;119;619;505;122;123;124;125;290;132;258;608;249;133;198;136;137;139;434;141;142;10;485;145;471;476;148;524;151;662;143;74;155;557;634;215;429;350;397;164;166;167;223;169;170;385;224;173;174;175;344;177;214;353;180;181;658;202;184;313;330;95;189;474;191;192;345;185;195;85;602;526;60;375;183;203;377;72;207;419;233;210;553;212;213;178;285;33;13;361;221;222;186;172;219;226;593;501;582;610;231;156;274;234;235;617;188;410;394;242;243;244;245;281;412;607;535;423;4;255;339;130;342;260;247;297;263;639;265;495;267;208;564;403;609;272;273;275;140;77;591;279;614;630;250;283;284;504;286;67;464;289;576;291;116;293;168;154;262;251;238;364;543;302;305;400;241;493;309;382;5;642;30;314;315;641;318;583;322;373;268;408;542;294;533;270;332;162;324;87;336;337;338;296;266;491;482;646;585;346;325;348;32;351;354;356;357;187;359;193;220;363;232;365;366;367;368;370;206;271;323;230;376;479;438;530;194;399;538;383;384;228;386;387;451;575;200;113;392;393;109;395;299;7;398;443;306;616;402;404;405;310;407;179;409;218;264;548;413;414;559;317;497;418;334;420;78;422;425;426;427;428;430;388;433;406;436;437;624;439;14;441;442;298;454;477;446;277;525;490;259;480;256;444;455;457;458;396;503;601;216;466;288;547;467;146;469;656;647;147;38;628;475;472;592;478;380;432;481;627;2;484;161;486;487;488;9;494;340;496;521;498;499;502;41;462;540;507;431;510;448;321;513;514;182;416;517;518;519;594;417;522;8;150;421;135;527;528;529;531;532;661;640;252;176;537;536;539;196;541;326;544;545;1;549;550;551;552;138;554;369;556;282;204;561;562;515;269;565;114;567;568;570;571;572;389;236;343;163;580;37;516;584;303;489;587;588;589;590;190;445;360;81;595;596;597;598;599;600;461;197;603;604;605;606;558;131;300;611;248;613;280;371;401;453;620;563;621;36;623;626;625;229;636;349;629;261;415;665;633;157;635;11;637;307;411;663;227;312;643;134;645;449;468;648;649;650;644;83;465;470;657;579;659;660;560;152;546;
Melhor Alcançado;1000000.000000; Geração;65
Qtde de Entradas Recursivas;0; Qtde Execuções Recursivas;0; Qtde Execuções das Combinações;0



