Instância;./files/gr666.xml
Execução;3 / 25
Tamanho da Populaçap;200
Máximo de gerações;300
Mutação;6
Cruzamento;0
% Manpulação;30
% Mutação;2
Print Parcial;1
Ativa Recursivo;0
Percentual de Redução;78
Profundidade Máxima;100
Percentual de Eltismo;70
Seleção para Cruzamento;0
Forma de Seleção par Mutação;1

Geração 1 / 300:;Profundidade;0;Melhor;416795.000000;Pior;5096610.000000;Media;4351054.280000;Tempo;3557.000000
Geração 2 / 300:;Profundidade;0;Melhor;358619.000000;Pior;4941076.000000;Media;4264406.375000;Tempo;7045.000000
Geração 3 / 300:;Profundidade;0;Melhor;341651.000000;Pior;4942508.000000;Media;4125360.740000;Tempo;10528.000000
Geração 4 / 300:;Profundidade;0;Melhor;337680.000000;Pior;4892785.000000;Media;3959818.270000;Tempo;13949.000000
Geração 5 / 300:;Profundidade;0;Melhor;334567.000000;Pior;4860653.000000;Media;3797185.195000;Tempo;17461.000000
Temmpo de execução;17461.000000
melhor;334567.000000
Individuo;0;309;308;307;17;16;15;14;13;45;47;46;48;42;12;41;43;37;36;38;39;44;40;35;34;33;32;31;30;29;10;11;9;8;6;7;5;18;19;4;3;2;1;478;479;480;477;481;619;618;485;483;482;484;623;624;625;626;628;627;629;630;631;632;633;622;621;620;617;613;610;611;634;600;598;607;608;599;597;596;595;594;591;592;593;636;638;637;635;658;657;656;655;654;652;651;650;649;648;665;643;644;645;642;641;640;647;639;585;590;586;583;584;582;581;580;579;578;577;574;575;576;587;589;588;571;572;573;564;565;566;567;569;570;568;606;604;605;602;603;609;612;614;615;616;475;476;474;467;466;464;463;437;312;436;310;311;316;301;300;318;317;319;320;325;326;321;327;331;330;329;328;333;345;346;347;334;348;349;350;335;389;390;441;391;392;393;394;399;395;443;442;440;324;322;323;314;313;315;439;438;447;451;452;453;445;412;444;405;407;411;413;414;415;428;429;486;416;446;454;455;456;457;450;448;449;461;462;465;468;469;473;470;471;472;530;531;533;534;532;539;542;540;543;545;544;559;560;601;563;562;561;546;549;548;552;551;555;558;557;556;554;553;550;547;541;537;538;536;535;529;528;527;526;509;510;525;511;512;513;523;515;514;524;521;460;458;459;519;520;522;516;517;518;492;491;490;489;488;493;435;494;495;496;497;499;501;498;500;155;154;156;157;158;502;504;503;159;163;505;506;508;507;165;164;160;161;162;197;199;198;200;201;205;204;203;202;233;232;230;231;229;215;214;213;208;209;210;212;211;222;223;221;224;225;226;227;228;219;220;218;207;206;194;193;196;195;191;185;184;183;187;182;181;170;148;151;152;388;387;386;385;381;382;384;383;430;432;433;153;434;487;431;427;426;424;425;423;420;421;422;410;409;406;408;419;417;374;418;373;372;365;359;366;367;369;368;404;403;402;397;398;396;401;400;358;355;354;352;356;353;357;272;351;271;273;274;336;337;338;339;340;341;343;342;344;332;283;282;281;280;279;275;278;277;276;269;268;270;364;363;362;361;360;262;261;260;259;265;264;263;284;285;288;287;304;302;303;306;305;297;296;299;298;295;294;293;292;291;290;289;286;267;266;253;254;255;256;257;370;371;375;258;377;376;378;380;379;150;149;147;146;243;242;250;251;244;252;245;248;247;246;241;240;239;143;142;141;144;145;238;237;235;236;249;234;140;139;166;168;167;138;169;173;174;175;172;171;176;177;178;179;180;186;189;190;192;188;216;217;108;107;106;105;115;114;113;109;110;112;111;118;119;120;121;122;123;124;125;117;116;104;103;102;126;127;128;129;131;130;132;133;134;135;83;84;85;136;137;101;100;99;98;97;96;90;89;91;93;94;95;92;67;66;68;69;70;71;88;87;82;86;81;79;80;78;77;76;75;74;51;50;49;73;72;65;64;63;62;60;59;61;58;55;56;57;54;53;52;28;27;26;24;25;23;22;21;20;659;660;653;662;661;663;664;646;
Melhor Alcançado;334567.000000; Geração;5
Qtde de Entradas Recursivas;0; Qtde Execuções Recursivas;0; Qtde Execuções das Combinações;0



