Instância;./files/gr666.xml
Execução;5 / 25
Tamanho da Populaçap;200
Máximo de gerações;300
Mutação;6
Cruzamento;4
% Manpulação;30
% Mutação;2
Print Parcial;1
Ativa Recursivo;0
Percentual de Redução;78
Profundidade Máxima;100
Percentual de Eltismo;70
Seleção para Cruzamento;0
Forma de Seleção par Mutação;1

Geração 1 / 300:;Profundidade;0;Melhor;400950.000000;Pior;4755569.000000;Media;4351515.875000;Tempo;3498.000000
Geração 2 / 300:;Profundidade;0;Melhor;344873.000000;Pior;4645926.000000;Media;4245954.880000;Tempo;6938.000000
Geração 3 / 300:;Profundidade;0;Melhor;330136.000000;Pior;4547118.000000;Media;4148857.115000;Tempo;10399.000000
Geração 4 / 300:;Profundidade;0;Melhor;326430.000000;Pior;4648601.000000;Media;3988954.110000;Tempo;13846.000000
Geração 5 / 300:;Profundidade;0;Melhor;324790.000000;Pior;4571000.000000;Media;3868935.670000;Tempo;17294.000000
Temmpo de execução;17294.000000
melhor;324790.000000
Individuo;0;309;308;11;9;8;10;29;30;31;32;33;34;35;40;72;73;50;51;49;44;39;38;37;36;41;12;43;42;48;47;46;45;13;14;15;16;17;234;140;139;141;142;143;144;145;238;237;235;236;249;263;264;265;266;268;269;270;360;361;363;364;362;371;375;370;262;261;260;259;253;254;245;248;247;246;241;240;239;146;147;242;243;250;251;244;252;255;256;257;258;380;381;382;384;383;385;386;388;387;150;379;149;151;152;153;434;487;433;432;430;425;424;426;431;427;429;428;486;416;415;414;413;411;407;409;410;422;421;423;420;378;377;376;372;373;374;418;417;419;369;367;366;365;359;358;355;400;401;396;393;398;397;402;403;368;404;408;406;405;444;399;394;395;443;442;440;441;390;391;392;389;335;331;321;327;320;325;326;330;329;328;333;334;347;348;350;349;346;345;352;354;353;356;357;272;271;351;273;274;279;336;337;338;339;340;341;343;342;344;332;283;281;282;280;278;275;277;276;286;289;290;292;294;293;291;287;288;285;284;302;303;304;305;306;297;296;295;298;299;307;301;300;318;317;316;319;322;324;323;314;439;315;438;313;312;311;310;436;437;463;464;466;467;474;475;476;477;482;483;481;619;485;624;623;484;479;480;478;1;2;3;4;6;7;19;5;18;20;21;22;23;25;24;26;27;28;52;54;53;56;57;61;62;60;59;58;55;63;64;65;67;66;68;69;70;92;664;663;661;662;653;660;659;658;657;656;646;638;637;636;635;626;625;628;627;629;630;631;633;632;622;621;620;618;617;613;615;616;614;603;612;609;610;611;634;599;600;608;607;598;597;595;594;596;591;589;587;588;571;572;569;570;567;565;566;568;606;605;604;602;473;469;470;472;471;468;465;462;461;449;450;448;447;451;453;452;445;412;446;454;455;456;457;459;519;518;517;516;522;515;523;514;525;524;521;520;460;458;491;492;489;490;488;493;435;494;495;496;497;499;498;501;500;155;156;154;157;158;160;161;164;165;507;508;505;506;163;159;503;504;502;513;512;511;510;509;526;527;528;529;535;536;537;538;534;530;531;533;532;539;540;542;541;547;550;553;554;556;557;558;555;551;548;552;549;545;543;544;559;601;560;546;561;562;563;564;573;574;577;578;575;576;579;580;581;582;583;584;586;590;585;592;593;639;640;647;641;642;643;644;645;655;654;652;651;649;648;650;665;107;108;109;110;112;111;118;120;119;121;123;122;124;128;126;127;125;117;113;115;105;106;114;116;104;100;101;103;102;137;136;96;99;98;97;94;93;95;91;90;89;71;88;87;82;86;75;74;76;77;78;79;80;81;85;84;83;135;134;133;132;131;130;129;217;216;218;219;220;228;227;226;224;225;215;223;222;221;211;212;210;208;209;213;214;229;232;230;231;233;202;205;204;203;201;200;198;199;197;196;207;206;194;193;195;191;190;189;192;188;187;186;180;179;178;177;176;175;174;173;169;168;167;138;166;172;171;181;182;170;148;183;184;185;162;267;
Melhor Alcançado;324790.000000; Geração;5
Qtde de Entradas Recursivas;0; Qtde Execuções Recursivas;0; Qtde Execuções das Combinações;0



