Instância;files/gr666.xml
Execução;2 / 3
Tamanho da Populaçap;200
Máximo de gerações;300
Mutação;5
Cruzamento;3
% Manpulação;30
% Mutação;20
Print Parcial;1
Ativa Recursivo;0
Percentual de Redução;77
Profundidade Máxima;5
Percentual de Eltismo;70
Seleção para Cruzamento;0
Forma de Seleção par Mutação;1

Geração 1 / 300:;Profundidade;0;Melhor;4072801.000000;Pior;4860640.000000;Media;4445460.790000;Tempo;2524.000000
Geração 2 / 300:;Profundidade;0;Melhor;4034778.000000;Pior;4824302.000000;Media;4429759.565000;Tempo;4853.000000
Temmpo de execução;4853.000000
melhor;4034778.000000
Individuo;0;496;39;409;4;662;6;465;455;9;10;596;400;13;14;373;16;17;241;349;276;92;22;103;625;120;26;52;76;204;30;73;445;235;627;419;242;45;38;332;236;411;603;374;44;37;573;412;509;425;479;93;27;53;54;55;340;461;58;59;448;61;664;485;318;258;66;431;137;69;602;7;72;416;74;78;28;77;654;649;80;114;95;83;84;85;86;227;88;89;660;389;402;51;94;82;96;97;98;665;149;101;102;661;578;161;106;467;108;168;110;111;387;359;81;115;116;367;118;119;68;19;122;123;510;125;644;155;311;129;172;131;132;563;439;20;356;34;79;406;497;483;142;424;144;285;364;543;148;29;150;327;503;143;620;382;156;528;2;512;423;11;162;163;164;3;166;246;109;344;170;203;100;513;174;175;566;489;188;219;180;208;182;183;184;25;186;187;330;441;346;469;192;62;609;195;196;520;604;199;443;303;478;313;417;205;259;105;642;599;185;261;212;659;165;606;314;217;393;179;220;442;222;527;273;232;531;198;65;470;230;231;225;282;67;33;40;491;458;266;495;154;329;558;529;157;173;426;525;524;523;522;521;388;533;518;298;498;515;514;375;159;511;112;295;310;323;537;505;333;210;177;501;519;499;427;191;248;422;394;493;250;18;5;502;488;487;486;90;396;176;482;481;480;46;459;378;476;475;474;473;494;63;21;140;468;229;64;274;464;206;595;570;460;202;613;457;307;254;42;453;452;201;214;449;365;591;446;32;444;200;567;545;628;99;407;57;436;435;434;433;572;15;326;429;284;255;526;49;48;121;297;234;299;554;391;302;256;304;305;306;56;308;535;447;145;629;171;312;315;316;317;557;181;320;321;322;41;133;269;451;151;328;226;508;331;158;504;334;335;215;337;221;339;270;643;592;635;169;345;190;347;23;296;124;351;405;281;354;71;136;357;233;420;390;361;362;363;35;430;260;555;582;128;630;371;372;517;43;117;376;147;209;379;380;381;645;383;178;399;386;146;277;597;249;301;392;450;539;463;655;397;398;624;12;401;107;653;404;352;139;350;408;218;410;341;438;413;414;490;506;130;418;456;113;421;60;160;593;638;631;632;432;634;343;369;637;75;639;640;641;268;507;287;127;126;239;240;324;36;243;244;245;194;247;265;360;213;251;615;253;622;516;462;257;228;395;366;211;471;263;264;540;534;454;50;325;289;271;272;580;134;275;135;370;610;279;280;353;319;193;428;636;286;238;288;197;290;291;292;368;223;207;384;152;616;24;385;623;338;621;574;189;618;536;626;252;614;309;224;611;278;556;608;607;658;605;87;440;70;472;600;216;598;617;283;262;8;167;403;104;590;589;588;587;586;585;584;583;1;581;612;579;663;577;576;294;293;437;633;571;575;569;568;594;141;565;564;237;562;561;560;559;342;466;153;358;300;553;552;551;550;549;548;547;546;619;544;377;542;541;532;601;538;31;650;646;647;648;47;91;651;652;530;477;484;656;657;336;492;267;348;415;500;138;355;
Melhor Alcançado;1000000.000000; Geração;33
Qtde de Entradas Recursivas;0; Qtde Execuções Recursivas;0; Qtde Execuções das Combinações;0



