Instância;./files/gr666.xml
Execução;12 / 25
Tamanho da Populaçap;200
Máximo de gerações;300
Mutação;6
Cruzamento;4
% Manpulação;30
% Mutação;2
Print Parcial;1
Ativa Recursivo;0
Percentual de Redução;78
Profundidade Máxima;100
Percentual de Eltismo;70
Seleção para Cruzamento;0
Forma de Seleção par Mutação;1

Geração 1 / 300:;Profundidade;0;Melhor;421612.000000;Pior;4755011.000000;Media;4352530.110000;Tempo;3503.000000
Geração 2 / 300:;Profundidade;0;Melhor;370202.000000;Pior;4607435.000000;Media;4217728.855000;Tempo;6934.000000
Geração 3 / 300:;Profundidade;0;Melhor;354919.000000;Pior;4650184.000000;Media;4095743.015000;Tempo;10372.000000
Geração 4 / 300:;Profundidade;0;Melhor;350566.000000;Pior;4564602.000000;Media;3922520.880000;Tempo;13828.000000
Geração 5 / 300:;Profundidade;0;Melhor;348888.000000;Pior;4596417.000000;Media;3711978.865000;Tempo;17243.000000
Temmpo de execução;17243.000000
melhor;348888.000000
Individuo;0;309;308;307;301;300;299;298;297;296;295;294;293;290;292;291;306;305;304;303;302;234;140;139;166;167;168;138;132;130;129;131;133;134;135;136;83;84;85;81;80;79;78;77;76;75;74;73;50;51;49;44;43;42;48;47;46;45;17;16;15;14;13;12;41;36;37;38;39;32;33;34;35;40;72;64;55;54;53;56;57;61;58;59;60;62;63;66;67;65;68;69;70;92;71;88;87;82;86;90;89;91;93;94;95;96;97;98;99;100;101;137;126;102;103;104;116;117;125;127;128;124;122;123;121;120;119;118;111;112;113;114;105;115;106;109;110;108;107;664;663;661;662;653;660;659;20;21;22;23;25;28;52;27;26;31;30;29;10;11;9;8;6;7;19;24;18;5;4;3;2;1;478;479;480;477;481;483;482;484;623;624;625;626;628;629;627;630;631;632;633;634;635;658;657;656;638;636;637;655;654;652;651;649;650;648;643;642;644;645;646;647;641;640;639;593;592;591;594;595;596;597;599;600;608;598;607;569;570;572;571;588;587;589;586;590;585;584;583;582;580;581;579;578;576;575;577;574;573;564;563;565;566;567;568;606;605;604;603;602;473;469;468;470;471;472;530;531;532;533;534;539;542;540;543;544;545;559;560;601;561;546;562;549;552;548;551;555;556;557;558;554;553;550;547;541;538;537;536;535;529;528;527;526;509;510;511;512;513;508;505;506;507;165;202;233;231;232;230;229;215;225;226;227;224;223;222;221;211;214;213;212;210;209;208;196;194;193;206;207;219;218;220;228;217;216;188;192;189;190;187;186;180;179;178;177;176;175;174;173;169;172;171;170;181;182;183;184;185;191;195;197;198;199;200;201;204;205;203;164;163;160;162;161;158;159;504;503;502;514;523;515;525;524;521;460;459;458;519;520;522;516;517;518;491;492;490;489;488;435;493;494;495;497;496;499;501;498;500;155;156;157;154;153;434;487;433;432;430;386;388;387;385;384;383;382;381;380;377;378;376;373;372;371;375;258;379;150;149;151;152;148;147;146;240;239;241;237;238;145;144;141;142;143;235;236;249;247;246;248;245;243;242;250;251;244;252;254;253;259;266;264;265;263;284;287;288;285;286;289;267;268;269;276;277;275;278;280;281;282;279;274;336;338;337;339;340;341;343;342;344;332;283;328;333;345;352;351;273;271;270;260;261;262;255;256;257;370;361;360;362;363;364;272;356;357;353;354;355;358;359;365;366;367;369;417;374;418;419;408;409;410;422;420;421;423;425;424;426;431;427;429;486;428;416;415;414;412;413;411;407;406;404;368;403;401;400;350;349;348;347;346;334;335;389;331;329;330;326;325;327;321;324;323;322;320;319;318;317;316;311;310;436;464;463;437;312;313;314;439;315;438;440;441;390;391;392;396;393;402;397;398;405;444;399;394;395;442;443;445;446;454;453;455;457;456;451;452;447;448;449;450;461;462;465;466;467;474;475;476;619;485;622;621;620;618;615;616;614;612;609;611;610;613;617;665;
Melhor Alcançado;348888.000000; Geração;5
Qtde de Entradas Recursivas;0; Qtde Execuções Recursivas;0; Qtde Execuções das Combinações;0



