Instância;./files/gr666.xml
Execução;4 / 25
Tamanho da Populaçap;200
Máximo de gerações;300
Mutação;6
Cruzamento;5
% Manpulação;30
% Mutação;2
Print Parcial;1
Ativa Recursivo;0
Percentual de Redução;78
Profundidade Máxima;100
Percentual de Eltismo;70
Seleção para Cruzamento;0
Forma de Seleção par Mutação;1

Geração 1 / 300:;Profundidade;0;Melhor;411848.000000;Pior;4959027.000000;Media;4373238.845000;Tempo;3773.000000
Geração 2 / 300:;Profundidade;0;Melhor;359895.000000;Pior;4777538.000000;Media;4293384.980000;Tempo;7500.000000
Geração 3 / 300:;Profundidade;0;Melhor;347839.000000;Pior;4761939.000000;Media;4194843.430000;Tempo;11228.000000
Geração 4 / 300:;Profundidade;0;Melhor;344200.000000;Pior;4738191.000000;Media;4101319.485000;Tempo;14957.000000
Temmpo de execução;14957.000000
melhor;344200.000000
Individuo;0;309;11;8;9;10;29;30;31;32;38;43;37;36;41;12;42;48;47;46;45;13;15;14;16;17;308;307;301;300;299;298;296;295;297;305;306;303;302;304;291;292;294;293;290;289;286;267;285;288;287;284;263;265;264;266;268;270;261;260;262;360;361;362;364;363;272;271;351;273;269;276;277;275;278;280;282;281;279;274;336;339;337;338;340;341;342;343;344;332;283;328;333;345;352;356;357;353;354;355;358;359;365;366;367;369;404;368;403;402;397;398;405;406;409;408;419;374;418;417;420;421;423;425;424;431;426;422;410;407;411;413;414;415;427;429;416;428;486;487;433;432;430;384;383;382;381;380;378;377;376;373;372;371;375;370;255;256;257;258;379;149;147;250;251;244;252;254;259;253;245;243;242;146;144;143;142;141;145;238;237;239;240;241;246;247;248;249;236;235;234;140;139;166;167;138;168;169;173;174;175;171;172;176;178;177;179;180;186;187;192;188;189;190;191;195;193;194;196;197;198;199;200;201;203;204;205;213;214;212;211;210;208;209;207;206;216;218;219;220;228;227;226;224;221;222;223;225;215;229;230;232;231;233;202;164;160;161;162;184;185;183;182;181;170;148;151;150;387;385;386;388;152;153;434;154;157;155;156;158;502;503;504;159;163;506;505;165;507;508;513;512;511;510;509;538;537;541;536;535;529;528;527;526;525;523;514;515;524;521;522;516;517;518;519;520;460;457;462;461;449;450;456;455;458;459;491;492;494;495;496;499;500;501;498;497;435;493;489;490;488;454;446;412;444;399;393;394;395;441;390;391;392;396;401;400;349;350;348;347;346;334;335;389;321;327;331;329;330;326;325;318;317;316;319;320;324;322;323;440;442;443;445;453;452;451;448;447;438;439;315;314;313;312;310;311;436;437;463;464;467;466;465;468;473;469;470;471;472;530;531;532;533;534;542;540;539;543;544;545;559;560;601;563;562;561;546;549;552;548;547;550;551;553;554;555;556;557;558;577;574;575;576;578;579;580;581;582;583;586;589;590;584;585;639;647;640;641;643;642;644;645;646;637;635;658;657;653;652;654;651;648;649;650;655;656;638;636;593;592;591;594;596;595;597;588;587;571;572;573;564;565;566;567;569;570;568;606;604;605;602;603;612;614;615;616;475;474;476;481;619;485;618;621;620;617;613;610;609;607;598;599;600;608;611;634;633;622;632;631;630;629;627;628;626;625;624;623;484;483;482;477;480;479;478;1;2;3;4;6;7;19;5;18;24;26;27;33;34;35;40;39;44;49;50;51;72;73;74;75;76;77;78;87;82;86;79;80;81;85;84;83;135;133;134;132;131;130;129;217;119;120;118;121;124;122;123;128;127;126;125;117;116;115;105;106;114;113;111;112;110;109;108;107;664;663;662;661;660;659;21;20;22;23;25;28;52;53;54;56;57;55;60;59;58;61;62;64;65;63;66;67;68;69;70;92;95;97;98;99;100;101;104;103;102;137;136;96;94;93;91;90;89;71;88;665;
Melhor Alcançado;344200.000000; Geração;4
Qtde de Entradas Recursivas;0; Qtde Execuções Recursivas;0; Qtde Execuções das Combinações;0



