Instância;./files/gr666.xml
Execução;5 / 25
Tamanho da Populaçap;200
Máximo de gerações;300
Mutação;6
Cruzamento;2
% Manpulação;30
% Mutação;2
Print Parcial;1
Ativa Recursivo;0
Percentual de Redução;78
Profundidade Máxima;100
Percentual de Eltismo;70
Seleção para Cruzamento;0
Forma de Seleção par Mutação;1

Geração 1 / 300:;Profundidade;0;Melhor;352150.000000;Pior;4737313.000000;Media;4364508.005000;Tempo;3513.000000
Geração 2 / 300:;Profundidade;0;Melhor;337327.000000;Pior;4685104.000000;Media;4255003.415000;Tempo;6972.000000
Geração 3 / 300:;Profundidade;0;Melhor;331271.000000;Pior;4755550.000000;Media;4105294.560000;Tempo;10441.000000
Geração 4 / 300:;Profundidade;0;Melhor;328604.000000;Pior;4586072.000000;Media;3919354.620000;Tempo;13893.000000
Geração 5 / 300:;Profundidade;0;Melhor;327922.000000;Pior;4589352.000000;Media;3744791.520000;Tempo;17338.000000
Temmpo de execução;17338.000000
melhor;327922.000000
Individuo;0;309;308;307;301;300;298;296;297;305;306;302;303;304;291;290;292;293;294;295;299;318;317;316;312;311;310;436;437;463;464;466;467;474;475;476;477;480;479;478;1;2;3;4;5;18;19;7;6;8;9;11;10;29;30;31;33;34;35;40;39;38;32;26;24;20;21;22;23;25;27;28;52;53;54;55;56;57;61;58;59;60;62;63;64;72;65;66;68;67;69;70;71;88;87;82;86;90;89;91;92;95;93;94;96;97;98;99;100;101;102;103;104;116;117;118;119;120;121;122;123;124;128;127;125;126;137;136;83;84;85;81;80;79;78;77;76;74;75;73;51;50;49;44;43;37;36;41;12;42;48;47;46;45;13;14;15;16;17;234;140;139;141;142;143;144;146;240;239;145;238;237;241;235;236;249;247;246;248;245;243;242;250;147;149;150;151;152;153;388;386;385;387;384;383;382;381;380;378;376;377;372;373;374;418;417;419;408;410;422;409;406;404;368;369;367;366;365;359;358;355;354;352;353;356;357;364;363;362;270;361;360;261;260;262;255;256;257;370;371;375;258;379;251;244;252;254;253;259;266;264;265;263;284;288;287;285;289;286;267;268;269;271;272;351;273;274;336;279;278;275;276;277;280;282;281;283;332;342;343;341;339;337;338;340;344;345;346;348;347;334;333;328;329;330;331;321;327;326;325;320;319;322;324;323;314;313;438;315;439;440;442;443;395;441;390;391;392;389;335;350;349;400;401;403;402;396;397;398;393;394;399;444;405;407;411;413;414;412;445;446;454;416;415;428;486;429;427;426;424;421;420;423;425;431;430;432;433;434;487;488;489;490;492;494;493;435;495;496;497;499;498;501;500;155;154;157;156;158;503;504;502;513;512;511;510;509;526;525;515;523;514;524;521;520;519;517;516;522;518;491;459;458;460;457;456;455;453;452;451;447;448;450;449;461;462;465;468;473;469;470;471;472;528;527;530;529;535;538;537;536;534;531;533;532;539;540;542;541;547;550;551;553;554;557;556;555;558;233;231;232;230;229;214;213;212;209;208;210;211;221;223;222;215;225;224;226;227;228;220;218;219;216;207;206;194;193;192;188;176;177;178;179;180;186;187;189;190;191;195;196;197;198;199;200;201;205;204;203;202;164;165;505;508;507;506;163;159;160;161;162;184;185;183;148;182;181;170;171;172;174;175;173;169;167;168;166;138;132;134;135;133;131;130;129;217;665;107;108;109;112;110;111;113;114;105;115;106;664;663;661;662;660;659;653;654;652;651;650;648;649;643;641;642;644;645;655;656;637;657;658;635;636;638;646;647;640;590;585;639;593;592;591;594;596;597;595;588;587;589;586;584;583;582;581;580;579;576;578;575;577;574;572;571;570;569;573;564;546;549;552;548;543;544;545;559;601;560;561;562;563;565;566;568;606;605;604;602;603;609;612;614;616;615;617;613;610;611;608;598;607;599;600;634;633;632;631;622;621;620;618;485;619;481;482;483;484;623;625;626;627;630;629;628;624;567;
Melhor Alcançado;327922.000000; Geração;5
Qtde de Entradas Recursivas;0; Qtde Execuções Recursivas;0; Qtde Execuções das Combinações;0



