Instância;./files/gr666.xml
Execução;9 / 25
Tamanho da Populaçap;200
Máximo de gerações;300
Mutação;6
Cruzamento;0
% Manpulação;30
% Mutação;2
Print Parcial;1
Ativa Recursivo;0
Percentual de Redução;78
Profundidade Máxima;100
Percentual de Eltismo;70
Seleção para Cruzamento;0
Forma de Seleção par Mutação;1

Geração 1 / 300:;Profundidade;0;Melhor;403313.000000;Pior;4836558.000000;Media;4362238.990000;Tempo;3556.000000
Geração 2 / 300:;Profundidade;0;Melhor;359165.000000;Pior;4729636.000000;Media;4274436.595000;Tempo;7049.000000
Geração 3 / 300:;Profundidade;0;Melhor;343622.000000;Pior;4827686.000000;Media;4184369.090000;Tempo;10538.000000
Geração 4 / 300:;Profundidade;0;Melhor;339877.000000;Pior;4950029.000000;Media;4034274.710000;Tempo;14075.000000
Geração 5 / 300:;Profundidade;0;Melhor;338360.000000;Pior;4704010.000000;Media;3822934.170000;Tempo;17597.000000
Temmpo de execução;17598.000000
melhor;338360.000000
Individuo;0;309;1;478;3;2;4;659;660;661;663;662;664;92;94;95;93;96;97;98;99;100;101;136;137;102;103;104;116;117;125;126;127;128;124;123;122;121;120;119;118;111;112;110;109;113;114;115;105;106;107;108;665;217;129;130;131;132;134;133;135;83;84;85;81;80;79;78;77;76;74;75;82;86;87;88;89;90;91;71;70;69;67;66;68;65;72;51;73;50;49;44;39;33;34;35;40;64;63;62;60;59;58;61;57;56;55;54;53;52;28;26;27;25;23;20;21;24;19;18;5;7;6;9;8;11;10;29;30;31;32;38;36;37;43;41;12;42;48;47;46;45;13;14;15;16;17;308;307;301;300;318;317;316;319;325;326;330;331;329;328;283;332;342;341;343;344;340;339;337;338;336;274;279;281;282;280;278;275;277;276;269;268;267;286;289;285;288;287;290;291;292;293;294;295;299;298;296;297;305;306;304;303;302;284;263;264;265;266;259;261;260;262;370;371;375;257;256;255;244;252;254;253;245;243;250;251;379;150;387;388;386;385;384;430;432;433;153;152;151;149;147;242;146;240;239;237;235;236;249;248;247;246;241;238;145;144;143;142;141;140;234;139;148;182;181;170;171;172;166;138;167;168;169;173;174;175;176;177;178;179;180;186;187;183;184;185;190;189;192;188;216;219;218;220;228;224;227;226;225;215;223;222;221;211;210;209;208;212;213;214;229;230;232;233;231;205;204;203;201;200;199;198;196;207;206;194;193;195;191;197;162;161;160;158;502;503;504;159;163;164;202;165;506;505;507;508;513;511;512;510;509;538;537;536;534;533;532;539;540;542;541;547;550;553;551;554;557;558;556;555;552;549;548;544;543;545;559;601;560;546;561;562;563;564;565;566;567;569;570;571;572;573;574;577;575;578;576;579;580;581;582;583;584;585;590;586;589;587;588;596;595;594;591;592;593;636;639;640;647;641;642;643;644;648;650;649;651;653;652;654;655;645;646;638;656;637;657;658;635;634;633;632;622;631;630;627;629;628;626;625;624;623;484;482;479;480;477;464;463;437;436;310;311;312;313;314;315;439;440;438;447;448;449;450;461;462;465;468;466;467;474;475;476;619;481;483;485;618;620;621;617;616;615;614;612;609;610;613;611;608;600;599;597;598;607;568;606;604;605;603;602;473;469;470;471;472;531;530;535;529;528;527;526;525;515;523;514;524;521;520;460;519;522;516;517;518;494;493;435;495;496;497;499;500;498;501;155;156;157;154;434;487;486;488;489;490;492;491;459;458;457;456;451;455;452;453;454;446;412;411;413;414;415;416;428;429;427;426;431;424;425;383;382;381;380;258;377;378;376;372;364;363;362;361;360;270;271;273;351;272;357;353;356;352;354;355;346;345;333;334;347;348;349;350;335;389;321;327;320;322;323;324;441;390;391;392;396;401;400;367;366;358;359;365;373;374;417;418;419;369;368;404;403;402;397;398;393;394;399;395;442;443;445;444;405;407;406;408;409;410;422;421;420;423;22;
Melhor Alcançado;338360.000000; Geração;5
Qtde de Entradas Recursivas;0; Qtde Execuções Recursivas;0; Qtde Execuções das Combinações;0



