Instância;./files/gr666.xml
Execução;17 / 25
Tamanho da Populaçap;200
Máximo de gerações;300
Mutação;6
Cruzamento;4
% Manpulação;30
% Mutação;2
Print Parcial;1
Ativa Recursivo;0
Percentual de Redução;78
Profundidade Máxima;100
Percentual de Eltismo;70
Seleção para Cruzamento;0
Forma de Seleção par Mutação;1

Geração 1 / 300:;Profundidade;0;Melhor;407589.000000;Pior;4633330.000000;Media;4323522.930000;Tempo;3492.000000
Geração 2 / 300:;Profundidade;0;Melhor;350963.000000;Pior;4577439.000000;Media;4182193.980000;Tempo;6934.000000
Geração 3 / 300:;Profundidade;0;Melhor;333619.000000;Pior;4572554.000000;Media;4052718.935000;Tempo;10359.000000
Geração 4 / 300:;Profundidade;0;Melhor;327215.000000;Pior;4512661.000000;Media;3881662.085000;Tempo;13812.000000
Geração 5 / 300:;Profundidade;0;Melhor;325671.000000;Pior;4512661.000000;Media;3753163.010000;Tempo;17244.000000
Temmpo de execução;17244.000000
melhor;325671.000000
Individuo;0;309;11;9;8;10;29;30;36;37;31;32;33;34;35;40;72;73;50;51;49;44;39;38;43;41;12;42;48;47;46;45;13;14;15;16;17;308;307;301;300;299;296;298;297;295;294;293;290;292;291;306;305;304;303;302;284;263;264;265;266;253;259;254;255;257;256;258;380;381;382;383;384;423;420;421;422;410;409;406;408;419;369;417;418;374;373;378;377;376;372;371;375;370;262;260;261;270;361;360;362;363;364;272;271;351;273;269;268;267;289;288;287;285;286;276;277;275;278;282;281;280;279;274;336;338;337;339;340;342;341;343;344;332;283;328;329;325;326;330;331;321;327;320;319;318;317;316;323;322;324;440;442;443;395;394;393;396;397;398;402;403;404;368;367;366;365;359;358;355;354;357;356;353;352;345;333;334;346;347;348;349;401;400;350;335;389;392;391;390;441;399;444;405;407;411;413;414;415;426;427;431;424;425;430;432;433;487;434;153;152;151;388;385;386;387;379;150;149;147;146;243;242;250;251;244;252;245;248;247;246;249;236;235;238;237;241;240;239;145;144;143;142;141;140;234;139;166;138;167;168;169;173;174;175;172;171;181;182;170;148;183;184;185;162;161;160;164;165;507;508;505;506;163;159;504;503;513;502;158;157;154;156;155;500;501;498;499;497;496;495;494;435;493;490;489;488;486;429;428;416;454;446;412;445;451;452;453;455;456;457;458;459;491;492;518;516;522;517;519;460;520;521;524;526;525;514;515;523;512;510;509;538;537;536;547;541;542;540;539;532;534;533;531;530;529;535;528;527;472;471;470;469;473;468;465;466;462;461;450;449;448;447;438;439;315;314;313;312;311;310;436;437;463;464;467;474;475;476;481;483;485;619;618;617;621;620;613;615;616;614;612;603;602;604;605;606;563;565;564;573;567;566;568;569;570;571;572;574;577;575;578;576;579;580;581;582;583;584;586;589;588;587;590;585;640;641;643;642;644;645;655;648;649;650;651;654;652;653;662;661;664;663;660;659;658;657;656;637;635;636;638;646;647;639;593;592;591;594;595;596;597;599;600;608;598;607;609;610;611;634;622;633;632;631;630;629;627;628;626;625;624;623;484;482;477;480;479;478;1;2;3;4;6;7;19;18;5;20;21;22;23;25;24;26;27;28;52;53;54;55;56;57;58;59;61;60;62;63;64;65;66;68;67;69;70;71;92;97;98;99;100;101;103;102;126;136;137;96;95;94;93;91;90;89;86;82;87;88;75;74;76;77;78;79;81;80;85;84;83;135;133;134;132;131;130;129;128;127;124;123;122;121;120;119;118;125;117;116;104;106;105;115;114;113;111;112;110;109;108;107;665;217;216;176;177;178;179;180;186;187;189;192;188;190;191;197;195;193;194;206;207;218;219;220;228;227;226;225;215;222;223;224;221;211;212;214;229;232;231;230;213;210;209;208;196;198;199;200;201;205;204;203;202;233;558;557;555;556;554;553;550;551;548;552;549;562;561;546;545;544;543;559;601;560;511;
Melhor Alcançado;325671.000000; Geração;5
Qtde de Entradas Recursivas;0; Qtde Execuções Recursivas;0; Qtde Execuções das Combinações;0



