Instância;./files/gr666.xml
Execução;13 / 25
Tamanho da Populaçap;200
Máximo de gerações;300
Mutação;6
Cruzamento;0
% Manpulação;30
% Mutação;2
Print Parcial;1
Ativa Recursivo;0
Percentual de Redução;78
Profundidade Máxima;100
Percentual de Eltismo;70
Seleção para Cruzamento;0
Forma de Seleção par Mutação;1

Geração 1 / 300:;Profundidade;0;Melhor;403138.000000;Pior;4840435.000000;Media;4366932.265000;Tempo;3551.000000
Geração 2 / 300:;Profundidade;0;Melhor;354904.000000;Pior;4785366.000000;Media;4250329.345000;Tempo;7069.000000
Geração 3 / 300:;Profundidade;0;Melhor;337755.000000;Pior;5075868.000000;Media;4147340.960000;Tempo;10580.000000
Geração 4 / 300:;Profundidade;0;Melhor;332001.000000;Pior;4863637.000000;Media;3970461.865000;Tempo;14136.000000
Geração 5 / 300:;Profundidade;0;Melhor;329630.000000;Pior;4864194.000000;Media;3760010.705000;Tempo;17584.000000
Temmpo de execução;17584.000000
melhor;329630.000000
Individuo;0;309;308;17;16;15;13;14;45;46;47;48;42;12;41;43;37;36;29;30;10;11;8;9;6;7;19;5;18;20;21;22;23;25;24;26;27;28;52;53;54;56;57;61;62;60;59;58;55;63;66;67;92;70;69;68;65;64;35;40;34;33;31;32;38;39;44;49;50;51;72;73;75;76;74;77;78;79;80;81;86;87;82;88;71;89;90;91;95;94;93;96;97;98;99;100;101;102;103;104;116;117;118;119;120;121;122;123;124;128;127;125;126;137;136;85;83;84;135;133;134;132;130;131;129;217;216;207;206;194;193;195;191;162;160;163;164;202;203;205;204;201;200;199;198;197;196;208;209;210;213;214;212;211;221;219;218;220;228;227;226;225;224;222;223;215;229;232;230;231;233;508;507;165;505;506;159;503;504;502;158;156;155;157;154;435;499;500;501;498;496;497;495;494;493;488;489;490;492;491;518;516;517;522;519;459;458;460;520;521;524;515;523;514;513;512;511;525;510;509;526;527;528;529;535;538;537;536;541;542;547;550;553;554;556;557;558;555;551;548;552;549;562;546;561;560;601;559;545;544;543;539;540;534;533;532;531;530;472;471;470;469;473;468;465;466;467;474;475;476;481;482;483;485;619;618;617;615;616;614;612;609;603;602;605;604;606;568;570;569;567;566;565;563;564;573;572;571;588;587;576;575;577;574;578;579;581;580;582;584;583;586;589;590;585;639;646;647;640;641;642;643;665;107;108;109;111;110;112;113;114;115;105;106;664;663;661;662;660;659;653;652;654;651;649;650;648;644;645;655;656;657;658;635;637;638;636;593;592;591;594;595;596;597;598;607;599;608;600;634;611;610;613;620;621;622;631;632;633;630;629;627;628;626;625;624;623;484;479;478;3;4;2;1;480;477;464;463;437;436;310;311;312;313;314;439;315;438;440;443;442;395;441;390;391;392;396;402;397;398;393;394;399;444;407;405;406;408;409;410;422;421;420;423;384;383;382;381;380;377;376;378;418;374;417;419;369;368;403;404;367;366;359;358;400;401;349;350;335;389;334;347;348;346;345;352;353;354;355;357;356;272;271;351;273;269;274;336;338;337;339;341;342;343;340;344;332;333;328;283;280;281;282;279;278;275;277;276;289;286;267;268;270;360;361;362;363;364;365;373;372;371;370;262;261;260;255;256;257;375;258;379;149;147;250;251;243;242;146;239;240;241;237;238;145;144;142;141;143;235;236;249;248;247;246;245;244;252;254;253;259;266;264;265;263;284;287;285;288;290;293;292;294;295;291;304;303;302;306;305;297;296;298;299;318;319;320;325;326;330;329;331;327;321;322;324;323;316;317;300;301;307;234;140;139;166;167;138;168;169;173;174;172;171;175;176;177;178;179;180;186;187;189;188;192;190;185;184;183;181;182;170;148;152;151;150;387;388;386;385;153;434;487;486;416;428;429;427;424;425;430;432;433;431;426;415;414;413;411;412;445;452;455;457;456;450;462;461;449;448;447;451;453;446;454;161;
Melhor Alcançado;329630.000000; Geração;5
Qtde de Entradas Recursivas;0; Qtde Execuções Recursivas;0; Qtde Execuções das Combinações;0



