Instância;files/gr666.xml
Execução;1 / 3
Tamanho da Populaçap;200
Máximo de gerações;300
Mutação;5
Cruzamento;12
% Manpulação;30
% Mutação;20
Print Parcial;1
Ativa Recursivo;0
Percentual de Redução;77
Profundidade Máxima;5
Percentual de Eltismo;70
Seleção para Cruzamento;0
Forma de Seleção par Mutação;1

Geração 1 / 300:;Profundidade;0;Melhor;4127849.000000;Pior;4740946.000000;Media;4435818.675000;Tempo;2337.000000
Geração 2 / 300:;Profundidade;0;Melhor;4088862.000000;Pior;4695999.000000;Media;4393198.825000;Tempo;4592.000000
Temmpo de execução;4592.000000
melhor;4088862.000000
Individuo;0;1;93;90;100;437;624;13;653;608;552;626;18;293;456;395;5;556;353;215;26;27;238;270;30;31;177;433;542;483;20;37;38;39;40;49;42;43;105;308;490;399;510;272;50;330;566;103;54;303;474;376;390;59;404;251;62;63;99;65;66;67;140;339;201;497;72;651;74;75;420;604;133;79;80;91;82;425;69;315;86;84;76;569;157;180;172;567;94;95;288;582;611;619;622;496;538;302;104;248;374;211;108;109;163;485;44;113;526;115;116;435;118;160;120;568;300;123;240;377;392;562;128;129;652;658;132;89;134;58;85;137;439;139;347;141;307;143;586;145;313;147;148;149;150;151;152;153;154;656;156;400;158;159;220;161;71;110;471;68;648;167;168;357;170;366;119;173;138;388;616;32;355;179;81;527;633;463;406;564;186;187;188;228;190;634;306;368;194;181;544;197;198;265;200;419;202;203;204;205;312;23;520;209;16;487;155;213;214;257;57;431;218;576;375;221;222;223;224;225;226;227;486;589;535;231;232;233;594;235;543;644;354;4;124;277;242;470;342;660;246;2;631;249;250;51;252;531;7;255;387;458;258;216;260;96;311;263;264;12;266;267;268;269;35;8;41;88;274;275;192;331;278;599;280;442;282;193;284;285;286;287;477;289;290;333;292;19;294;361;296;314;410;460;325;301;590;55;247;305;276;411;45;309;310;243;206;146;70;98;362;424;318;319;230;29;77;323;584;482;210;327;665;329;610;322;413;291;334;409;524;337;338;614;504;341;457;343;344;345;553;396;53;349;324;351;453;24;28;178;48;444;641;359;360;602;316;279;25;6;171;239;111;369;370;438;495;241;373;182;328;125;587;461;380;381;378;383;21;385;386;462;299;363;398;391;126;393;654;401;579;397;135;47;407;573;402;403;195;405;336;281;408;529;87;78;412;646;414;491;416;417;418;297;73;421;545;164;254;365;445;580;650;423;332;106;121;427;428;429;430;367;432;33;434;601;17;107;565;389;283;441;459;443;169;64;446;447;448;217;234;451;256;253;600;455;588;127;364;536;60;537;502;183;464;625;466;467;468;273;262;101;472;473;11;475;476;261;478;479;480;481;488;581;484;3;189;175;122;489;500;415;506;493;494;166;607;237;498;499;165;452;372;503;541;505;492;507;508;509;207;511;512;513;514;515;516;517;518;519;208;521;522;196;184;525;114;56;643;335;530;244;532;533;534;83;440;591;97;555;540;162;352;501;523;9;546;219;548;450;550;551;326;185;554;539;176;557;558;559;560;561;426;563;592;271;52;574;577;640;570;585;572;384;304;575;547;320;578;34;142;321;317;583;350;102;144;382;36;229;348;379;130;593;549;595;596;597;356;10;454;117;92;603;346;615;606;371;15;609;436;136;612;613;199;298;340;617;618;245;620;621;571;623;645;465;61;627;628;629;449;422;174;112;632;259;191;635;636;637;638;639;46;528;642;358;598;630;212;647;131;649;655;14;394;605;469;657;236;659;22;661;662;663;664;295;
Melhor Alcançado;1000000.000000; Geração;808598384
Qtde de Entradas Recursivas;0; Qtde Execuções Recursivas;0; Qtde Execuções das Combinações;0



