Instância;./files/gr666.xml
Execução;16 / 25
Tamanho da Populaçap;200
Máximo de gerações;300
Mutação;6
Cruzamento;0
% Manpulação;30
% Mutação;2
Print Parcial;1
Ativa Recursivo;0
Percentual de Redução;78
Profundidade Máxima;100
Percentual de Eltismo;70
Seleção para Cruzamento;0
Forma de Seleção par Mutação;1

Geração 1 / 300:;Profundidade;0;Melhor;408922.000000;Pior;4762628.000000;Media;4350465.760000;Tempo;3548.000000
Geração 2 / 300:;Profundidade;0;Melhor;358500.000000;Pior;4732032.000000;Media;4252707.915000;Tempo;7057.000000
Geração 3 / 300:;Profundidade;0;Melhor;345797.000000;Pior;4805340.000000;Media;4100674.870000;Tempo;10548.000000
Geração 4 / 300:;Profundidade;0;Melhor;340936.000000;Pior;4881092.000000;Media;3951655.940000;Tempo;14032.000000
Geração 5 / 300:;Profundidade;0;Melhor;339916.000000;Pior;4869587.000000;Media;3813837.020000;Tempo;17466.000000
Temmpo de execução;17466.000000
melhor;339916.000000
Individuo;0;309;11;308;17;16;45;14;15;13;12;46;47;48;42;41;36;37;43;44;49;50;51;72;73;74;75;76;77;78;82;86;80;79;81;85;84;83;136;137;102;126;125;117;118;120;119;121;127;128;124;123;122;217;129;130;131;133;135;134;132;138;167;168;166;139;234;140;141;142;143;144;145;238;241;240;239;237;235;236;249;246;247;248;245;252;244;251;147;250;243;242;146;148;153;154;157;156;158;155;501;498;500;499;497;496;495;494;435;493;490;489;488;486;487;434;433;432;430;431;427;426;424;425;384;383;382;420;421;423;422;410;409;408;406;407;405;444;412;411;413;414;415;428;429;416;454;446;445;443;442;395;394;399;398;397;402;396;393;441;390;391;392;389;335;334;347;348;350;349;346;355;354;352;353;357;356;272;273;351;271;270;363;364;362;361;360;260;261;262;370;375;371;372;373;365;359;366;367;358;400;401;403;404;368;369;419;418;417;374;378;376;377;380;381;387;385;386;388;152;151;150;149;379;258;257;256;255;254;253;259;266;264;265;263;284;302;303;304;306;305;297;307;301;300;299;298;296;295;294;291;292;293;290;287;288;285;289;286;267;268;269;276;277;275;278;280;282;281;283;279;274;336;337;338;339;341;342;343;340;344;332;345;333;328;329;330;331;321;327;326;325;320;318;317;316;319;322;323;324;440;438;315;439;314;313;312;311;310;436;437;463;464;462;461;449;450;448;447;451;452;453;455;456;457;460;521;520;519;459;458;491;492;518;517;516;522;524;526;525;514;515;523;513;502;504;503;159;160;161;162;185;184;183;181;182;170;171;172;169;173;174;175;176;177;178;179;180;186;187;189;190;192;188;216;218;219;220;228;227;226;224;225;215;222;223;221;211;212;210;209;208;207;206;194;193;195;191;197;196;198;199;200;201;205;204;203;213;214;229;230;231;232;233;202;164;163;506;165;507;505;511;512;510;509;538;537;536;535;529;528;527;470;472;471;530;534;533;531;532;539;543;540;542;541;547;550;553;554;557;556;558;555;551;548;552;549;546;544;545;559;560;601;561;562;563;564;573;567;569;570;572;571;574;577;575;576;578;579;580;581;582;583;584;585;590;586;589;587;588;597;596;595;594;591;592;593;639;647;640;641;642;643;644;645;646;655;656;657;658;637;638;636;635;634;611;610;613;617;618;620;621;622;631;632;633;630;627;629;628;626;625;624;485;623;484;479;659;660;661;663;662;653;652;654;651;648;649;650;665;108;107;664;106;105;115;109;112;110;111;113;114;116;104;103;101;100;99;98;97;96;93;94;95;92;91;90;89;87;88;71;70;69;68;66;67;65;64;63;62;60;59;58;61;57;56;55;54;53;52;28;25;23;22;21;20;24;26;27;33;34;35;40;39;38;32;31;29;30;10;8;9;6;7;19;18;5;4;2;3;1;478;480;477;482;483;619;481;476;474;467;466;465;468;469;473;475;616;615;614;612;603;602;604;606;605;609;608;600;599;598;607;568;566;565;508;
Melhor Alcançado;339916.000000; Geração;5
Qtde de Entradas Recursivas;0; Qtde Execuções Recursivas;0; Qtde Execuções das Combinações;0



