Instância;./files/gr666.xml
Execução;17 / 25
Tamanho da Populaçap;200
Máximo de gerações;300
Mutação;6
Cruzamento;5
% Manpulação;30
% Mutação;2
Print Parcial;1
Ativa Recursivo;0
Percentual de Redução;78
Profundidade Máxima;100
Percentual de Eltismo;70
Seleção para Cruzamento;0
Forma de Seleção par Mutação;1

Geração 1 / 300:;Profundidade;0;Melhor;396212.000000;Pior;4736329.000000;Media;4372040.935000;Tempo;3787.000000
Geração 2 / 300:;Profundidade;0;Melhor;346221.000000;Pior;4816210.000000;Media;4299423.810000;Tempo;7505.000000
Geração 3 / 300:;Profundidade;0;Melhor;331697.000000;Pior;4785317.000000;Media;4206575.090000;Tempo;11234.000000
Geração 4 / 300:;Profundidade;0;Melhor;327127.000000;Pior;4876666.000000;Media;4113582.155000;Tempo;14956.000000
Temmpo de execução;14956.000000
melhor;327127.000000
Individuo;0;309;1;3;2;4;6;7;18;5;19;24;26;27;52;28;25;23;22;21;20;659;660;661;662;663;664;665;108;107;106;105;115;114;113;109;110;112;111;118;119;120;121;122;124;123;128;127;126;125;117;116;104;102;103;101;99;100;98;97;95;92;70;69;67;66;68;65;64;63;62;61;58;59;60;55;56;57;53;54;35;34;33;32;31;29;30;10;8;9;11;308;17;16;45;14;15;13;12;46;47;48;42;41;36;37;43;38;39;44;40;49;50;51;72;73;74;75;76;77;78;79;80;81;82;86;87;88;71;89;90;91;93;94;96;137;136;85;83;84;135;133;134;132;131;130;129;217;216;219;218;220;228;227;226;225;224;221;223;222;215;214;229;230;232;231;233;202;164;165;507;508;505;506;163;160;191;195;196;198;197;199;200;201;204;203;205;213;212;211;210;209;208;207;206;194;193;192;188;189;190;187;183;184;185;162;161;159;502;503;504;158;156;157;154;155;500;501;498;499;497;496;495;494;493;435;488;489;490;491;492;518;517;516;522;523;515;514;513;511;512;525;524;521;520;519;458;459;460;457;456;451;452;453;455;454;446;412;416;428;429;486;487;434;433;432;430;425;424;426;431;427;415;414;413;411;407;405;444;399;394;393;395;443;445;442;440;439;313;314;315;438;447;448;450;449;461;462;466;465;468;473;469;470;471;472;530;531;533;534;532;536;535;529;528;527;526;510;509;538;537;547;541;542;540;539;543;548;550;553;551;554;556;557;558;555;552;549;546;544;545;559;560;601;561;562;563;564;565;566;567;573;574;577;575;578;576;579;580;581;582;583;584;586;589;590;585;592;636;635;658;657;656;637;638;646;645;655;654;652;653;651;650;649;648;644;643;642;641;640;647;639;593;591;594;596;595;597;588;587;571;572;569;570;568;606;604;605;607;598;608;600;599;634;632;631;633;622;621;620;617;613;611;610;609;612;603;602;614;615;616;618;619;485;628;627;629;630;626;625;624;623;484;479;478;480;477;482;483;481;476;475;474;467;464;463;437;436;311;310;312;316;319;317;318;300;301;307;306;305;297;298;296;299;295;294;290;293;292;291;304;303;302;284;287;288;289;286;285;267;268;269;276;277;275;278;279;282;280;281;283;328;333;345;346;400;401;350;349;348;347;334;335;389;331;329;330;326;325;327;321;320;322;323;324;441;390;391;392;396;397;398;402;403;368;404;406;408;409;410;422;421;423;420;383;384;385;386;388;152;153;148;170;181;182;186;180;179;178;177;176;171;172;175;174;173;169;167;138;168;166;139;140;234;249;236;235;143;141;142;145;238;237;241;239;240;146;147;149;379;150;151;387;382;381;380;258;256;257;255;262;370;375;371;372;376;377;378;373;374;418;417;419;369;367;366;365;359;358;355;354;352;337;338;339;340;344;332;342;343;341;336;274;273;271;351;272;356;353;357;364;363;362;361;360;270;261;260;259;266;264;263;265;253;254;252;244;245;248;247;246;243;242;250;251;144;
Melhor Alcançado;327127.000000; Geração;4
Qtde de Entradas Recursivas;0; Qtde Execuções Recursivas;0; Qtde Execuções das Combinações;0



