Instância;./files/gr666.xml
Execução;5 / 25
Tamanho da Populaçap;200
Máximo de gerações;300
Mutação;6
Cruzamento;5
% Manpulação;30
% Mutação;2
Print Parcial;1
Ativa Recursivo;0
Percentual de Redução;78
Profundidade Máxima;100
Percentual de Eltismo;70
Seleção para Cruzamento;0
Forma de Seleção par Mutação;1

Geração 1 / 300:;Profundidade;0;Melhor;414146.000000;Pior;4738238.000000;Media;4374127.915000;Tempo;3787.000000
Geração 2 / 300:;Profundidade;0;Melhor;345605.000000;Pior;4899958.000000;Media;4290010.245000;Tempo;7524.000000
Geração 3 / 300:;Profundidade;0;Melhor;328660.000000;Pior;4806569.000000;Media;4196739.905000;Tempo;11245.000000
Geração 4 / 300:;Profundidade;0;Melhor;324028.000000;Pior;4749463.000000;Media;4113839.940000;Tempo;14983.000000
Temmpo de execução;14983.000000
melhor;324028.000000
Individuo;0;464;463;465;466;467;474;475;476;477;481;619;485;618;620;621;613;617;615;616;614;612;603;602;605;604;606;568;566;567;565;563;564;573;569;570;571;572;574;577;575;576;578;579;581;580;582;584;583;586;587;588;589;590;585;639;647;640;641;642;643;644;645;646;638;637;656;657;658;635;636;593;592;591;594;596;595;597;599;600;608;598;607;609;610;611;634;632;622;633;631;630;629;627;626;628;625;624;623;484;483;482;479;480;478;1;3;2;4;6;7;5;18;19;8;9;11;10;30;29;31;32;37;36;38;39;40;34;33;26;24;20;21;22;23;25;27;28;52;53;54;35;57;56;55;58;59;61;62;60;63;64;65;66;67;68;69;70;92;664;663;661;660;659;662;653;652;654;655;651;650;649;648;665;107;108;217;216;131;130;132;134;133;129;128;127;126;125;124;123;122;121;120;119;118;117;114;113;112;111;110;109;106;105;115;104;116;103;102;101;99;100;98;97;93;95;94;96;137;136;135;83;84;85;79;80;81;86;82;88;71;89;91;90;87;78;77;76;75;74;51;73;72;50;49;44;43;41;12;42;48;47;46;45;15;14;13;16;17;308;309;307;301;300;297;298;296;299;295;294;292;293;290;291;304;305;306;303;302;284;263;264;265;248;249;247;246;243;242;250;251;244;252;254;253;259;266;267;286;285;287;288;289;281;280;282;279;278;275;277;276;268;269;271;363;364;362;361;360;270;261;260;262;255;257;256;370;371;375;258;377;378;380;381;382;383;384;424;431;426;427;415;414;413;411;412;445;446;454;416;428;429;486;488;435;155;154;157;156;500;498;501;499;497;496;495;494;493;489;490;491;492;518;516;517;522;515;523;514;525;524;521;520;519;459;458;460;457;456;455;453;452;451;447;448;449;450;461;462;468;473;469;472;470;471;530;531;533;532;534;541;542;540;539;543;548;544;545;559;601;560;561;562;546;549;552;555;556;558;557;554;551;553;550;547;538;537;536;535;529;528;527;526;509;510;512;511;513;504;502;158;503;159;163;506;505;508;507;165;164;161;160;162;191;195;196;197;198;199;200;201;204;205;203;202;233;231;232;230;229;215;214;213;212;209;208;210;211;222;223;221;224;225;226;227;228;219;220;218;207;206;194;193;192;188;190;189;187;186;180;179;177;178;176;181;182;183;184;185;148;170;171;172;175;174;173;169;138;168;167;166;139;140;234;236;235;238;237;241;240;239;145;141;143;142;144;146;147;149;151;150;379;387;385;386;388;152;153;434;487;433;432;430;425;423;420;421;422;409;410;407;405;406;408;419;374;417;418;373;376;372;365;359;366;367;369;368;404;403;402;397;398;444;399;393;396;401;400;358;355;354;352;356;353;357;272;351;273;274;336;338;337;339;340;342;341;343;344;332;283;328;329;330;326;325;320;319;318;317;316;311;310;312;436;437;438;315;313;439;314;323;324;322;327;321;331;389;335;334;333;345;346;347;348;349;350;392;391;390;441;440;443;442;395;394;245;
Melhor Alcançado;324028.000000; Geração;4
Qtde de Entradas Recursivas;0; Qtde Execuções Recursivas;0; Qtde Execuções das Combinações;0



