Instância;./files/gr666.xml
Execução;9 / 25
Tamanho da Populaçap;200
Máximo de gerações;300
Mutação;6
Cruzamento;3
% Manpulação;30
% Mutação;2
Print Parcial;1
Ativa Recursivo;0
Percentual de Redução;78
Profundidade Máxima;100
Percentual de Eltismo;70
Seleção para Cruzamento;0
Forma de Seleção par Mutação;1

Geração 1 / 300:;Profundidade;0;Melhor;413510.000000;Pior;4744397.000000;Media;4359892.630000;Tempo;3489.000000
Geração 2 / 300:;Profundidade;0;Melhor;351056.000000;Pior;4783515.000000;Media;4287550.895000;Tempo;6933.000000
Geração 3 / 300:;Profundidade;0;Melhor;332807.000000;Pior;4764415.000000;Media;4180646.670000;Tempo;10357.000000
Geração 4 / 300:;Profundidade;0;Melhor;328230.000000;Pior;4782542.000000;Media;4060031.570000;Tempo;13779.000000
Geração 5 / 300:;Profundidade;0;Melhor;328191.000000;Pior;4821546.000000;Media;3988729.655000;Tempo;17188.000000
Temmpo de execução;17188.000000
melhor;328191.000000
Individuo;0;309;308;17;16;13;14;15;45;46;47;48;42;12;41;37;36;29;30;31;32;38;43;44;49;39;40;35;34;33;26;24;20;21;22;23;25;27;28;52;53;54;57;56;55;58;59;61;62;60;63;65;64;72;50;51;73;74;75;76;77;78;82;86;80;79;81;85;83;84;136;137;126;125;117;116;104;103;102;101;100;99;98;97;96;95;94;93;91;90;89;87;88;71;70;69;68;66;67;92;664;663;661;662;653;660;659;5;18;19;7;6;9;8;10;11;4;2;3;1;478;479;480;477;483;482;484;623;485;620;621;622;629;628;624;625;626;627;630;631;632;633;634;600;608;599;598;607;609;605;606;604;602;603;614;612;610;611;613;615;616;617;618;619;481;476;475;474;467;466;464;463;465;462;461;449;448;450;456;457;455;453;452;447;438;437;436;310;311;307;301;300;318;317;319;316;312;313;315;439;314;440;324;323;322;320;325;326;327;321;331;330;329;328;283;281;282;280;279;278;275;277;276;268;267;286;289;285;287;288;290;291;293;292;294;295;298;299;296;297;305;306;304;303;302;284;263;264;265;266;259;253;254;252;245;248;246;247;249;236;235;234;140;139;141;142;143;144;238;145;237;241;240;239;146;242;243;250;147;251;244;255;257;256;258;379;150;149;151;152;388;386;385;387;381;382;383;384;430;432;153;434;433;431;427;426;424;425;423;421;420;380;377;378;376;372;371;375;370;262;261;260;360;361;362;364;363;272;351;273;271;270;269;274;336;339;341;342;344;332;343;340;338;337;352;353;356;357;354;355;358;400;401;350;349;347;348;346;345;333;334;335;389;393;394;399;444;398;397;402;396;392;391;390;441;395;442;443;445;454;446;412;411;407;405;406;403;368;404;369;367;366;359;365;373;374;418;417;419;408;409;422;410;413;414;415;416;428;429;486;487;488;490;489;493;494;495;435;497;496;499;500;498;501;156;155;154;157;158;159;504;503;502;513;512;511;509;510;525;523;514;515;522;516;517;518;519;492;491;459;458;460;520;521;524;526;527;528;529;535;536;538;537;541;548;543;544;545;559;560;601;473;468;469;470;471;472;530;531;534;533;532;539;540;542;547;550;553;554;556;557;558;555;551;552;549;546;561;562;563;565;564;573;567;566;568;569;570;571;572;574;577;578;575;576;579;581;580;582;583;584;585;590;589;586;587;588;597;596;595;594;591;592;593;639;647;646;656;637;638;636;635;658;657;654;652;650;648;649;651;655;645;644;642;643;641;640;665;108;107;106;105;115;114;113;111;110;109;112;118;119;120;121;122;123;124;128;127;135;134;133;132;131;130;129;217;216;188;192;189;187;190;195;191;197;199;198;200;201;203;205;204;213;214;212;211;210;208;209;196;193;194;206;207;219;218;220;228;227;226;224;221;222;223;225;215;229;230;231;232;233;202;164;165;507;508;505;506;163;160;161;162;184;185;183;148;170;181;182;180;186;179;178;177;176;172;171;175;174;173;169;138;166;167;168;451;
Melhor Alcançado;328191.000000; Geração;5
Qtde de Entradas Recursivas;0; Qtde Execuções Recursivas;0; Qtde Execuções das Combinações;0



