Instância;./files/gr666.xml
Execução;16 / 25
Tamanho da Populaçap;200
Máximo de gerações;300
Mutação;6
Cruzamento;3
% Manpulação;30
% Mutação;2
Print Parcial;1
Ativa Recursivo;0
Percentual de Redução;78
Profundidade Máxima;100
Percentual de Eltismo;70
Seleção para Cruzamento;0
Forma de Seleção par Mutação;1

Geração 1 / 300:;Profundidade;0;Melhor;408428.000000;Pior;4764197.000000;Media;4379171.670000;Tempo;3468.000000
Geração 2 / 300:;Profundidade;0;Melhor;351214.000000;Pior;4758941.000000;Media;4297828.600000;Tempo;6898.000000
Geração 3 / 300:;Profundidade;0;Melhor;339483.000000;Pior;4882177.000000;Media;4224712.690000;Tempo;10317.000000
Geração 4 / 300:;Profundidade;0;Melhor;336004.000000;Pior;4866674.000000;Media;4104057.375000;Tempo;13734.000000
Geração 5 / 300:;Profundidade;0;Melhor;335608.000000;Pior;4676303.000000;Media;4033221.090000;Tempo;17167.000000
Temmpo de execução;17167.000000
melhor;335608.000000
Individuo;0;436;310;311;312;437;463;464;477;481;482;483;485;619;618;617;620;621;622;632;633;631;630;629;627;628;626;625;624;623;484;479;480;478;2;3;1;4;5;18;19;24;21;20;22;23;25;27;28;52;53;54;55;56;57;58;59;61;62;60;63;66;67;68;65;64;73;72;50;51;74;76;75;88;71;70;69;92;97;98;96;93;95;94;91;90;89;87;82;86;77;78;79;80;81;85;84;83;136;137;100;99;101;103;102;126;125;117;118;119;120;121;122;123;124;128;127;135;134;133;132;130;131;129;216;220;218;219;207;206;193;194;195;191;190;189;192;188;187;186;180;179;178;176;177;181;182;170;171;172;173;175;174;169;167;168;138;166;139;140;234;17;16;45;15;14;13;46;47;48;42;12;41;37;36;43;38;39;44;49;40;35;34;33;32;31;30;29;10;8;9;7;6;11;309;308;307;301;300;299;298;296;297;295;294;293;292;291;306;305;304;303;302;287;288;290;289;286;285;284;263;265;264;267;268;266;259;253;248;245;246;247;249;236;235;237;238;143;141;142;144;145;239;241;240;146;242;243;250;147;251;244;252;254;260;261;262;360;270;361;362;363;364;371;375;370;255;256;257;258;380;381;382;383;384;423;421;420;418;419;417;374;373;378;377;376;372;365;359;366;358;355;354;352;356;353;357;272;271;351;273;269;276;277;278;275;274;336;279;282;280;281;283;332;344;343;342;341;340;339;338;337;345;346;348;347;334;333;328;329;331;330;326;325;318;317;316;319;320;321;327;389;335;350;349;400;401;367;369;368;404;403;406;408;409;422;410;407;405;444;399;395;394;393;397;398;402;396;392;391;390;441;324;322;323;314;313;315;438;439;440;442;443;445;453;454;446;412;411;413;414;415;416;428;429;486;488;487;427;426;424;431;425;430;432;433;434;153;152;388;386;385;387;379;149;150;151;148;183;185;184;162;161;160;159;503;504;502;158;156;157;154;155;501;498;500;499;497;496;495;494;493;435;489;490;492;491;458;459;460;457;456;455;452;451;447;448;450;449;461;462;465;468;470;472;471;528;527;526;525;524;521;520;519;518;517;516;522;523;514;515;513;512;511;510;509;508;507;505;506;163;164;165;202;233;232;230;231;204;203;205;201;200;199;198;197;196;208;209;210;211;212;213;229;214;215;223;222;221;224;225;226;227;228;217;665;107;108;110;111;113;112;109;106;105;115;114;116;104;664;663;661;659;660;662;653;652;654;651;650;649;648;643;642;644;641;640;647;639;585;590;589;588;587;586;583;584;582;581;580;579;578;576;575;577;574;573;572;571;570;569;567;566;565;564;562;561;546;549;552;548;551;554;555;558;557;556;553;550;547;541;537;538;536;535;529;530;531;532;533;534;539;542;540;543;544;545;559;560;601;563;606;568;607;598;608;600;599;597;596;595;594;591;592;593;636;637;638;646;645;655;656;657;658;635;634;611;610;613;616;615;614;612;609;605;604;603;602;475;476;474;467;466;473;469;26;
Melhor Alcançado;335608.000000; Geração;5
Qtde de Entradas Recursivas;0; Qtde Execuções Recursivas;0; Qtde Execuções das Combinações;0



