Instância;./files/gr666.xml
Execução;16 / 25
Tamanho da Populaçap;200
Máximo de gerações;300
Mutação;6
Cruzamento;5
% Manpulação;30
% Mutação;2
Print Parcial;1
Ativa Recursivo;0
Percentual de Redução;78
Profundidade Máxima;100
Percentual de Eltismo;70
Seleção para Cruzamento;0
Forma de Seleção par Mutação;1

Geração 1 / 300:;Profundidade;0;Melhor;412028.000000;Pior;4744184.000000;Media;4358493.090000;Tempo;3782.000000
Geração 2 / 300:;Profundidade;0;Melhor;349525.000000;Pior;4961360.000000;Media;4274203.600000;Tempo;7519.000000
Geração 3 / 300:;Profundidade;0;Melhor;328722.000000;Pior;4822958.000000;Media;4190133.895000;Tempo;11237.000000
Geração 4 / 300:;Profundidade;0;Melhor;326304.000000;Pior;4878443.000000;Media;4114155.960000;Tempo;14956.000000
Temmpo de execução;14956.000000
melhor;326304.000000
Individuo;0;309;308;17;16;15;13;12;14;45;46;47;48;42;41;43;39;38;37;36;30;29;10;11;9;8;6;7;19;18;5;4;2;3;1;478;479;480;477;481;619;485;483;482;484;623;624;625;626;628;629;627;630;631;622;632;633;634;600;608;599;598;607;568;606;604;605;609;610;611;613;621;620;618;617;616;615;614;612;603;602;474;475;476;467;464;463;437;436;310;311;312;316;319;317;318;320;325;326;330;329;328;333;283;282;281;280;278;275;277;276;286;289;285;288;287;290;293;291;292;294;295;298;297;296;299;300;301;307;306;305;304;303;302;284;263;264;265;266;267;268;269;274;279;336;337;338;339;340;341;343;342;344;332;345;346;355;352;354;353;357;356;272;351;273;271;270;364;363;362;361;360;370;375;371;376;372;373;374;418;419;408;409;410;422;423;421;420;417;369;404;406;407;411;413;414;415;416;428;429;427;426;424;431;433;432;430;425;384;383;382;381;380;378;377;258;257;256;255;262;261;260;259;253;248;246;247;245;252;254;244;251;379;387;385;386;388;153;152;151;150;149;147;250;243;242;146;240;239;241;237;238;145;144;141;142;143;235;236;249;234;140;139;166;168;138;167;169;173;174;175;172;171;170;148;182;181;179;180;186;178;177;176;216;217;228;220;218;219;207;206;194;193;192;188;190;189;187;183;184;185;191;195;197;199;198;196;209;208;210;213;214;212;211;221;223;222;224;227;226;225;215;229;232;230;231;233;202;205;204;203;201;200;164;165;505;508;507;506;163;160;161;162;158;159;503;504;502;498;501;500;155;156;157;154;434;487;486;488;490;489;493;435;499;496;497;495;494;492;491;518;517;516;522;515;514;523;525;512;513;511;510;509;526;524;521;460;520;519;459;458;457;456;451;452;455;453;454;446;412;445;443;395;442;440;441;390;391;392;396;393;394;399;444;405;398;402;397;403;368;367;366;365;359;358;400;401;350;349;348;347;334;335;389;331;321;327;322;323;324;314;313;315;439;438;447;448;450;449;461;462;465;468;466;473;469;470;471;472;530;527;528;529;535;538;537;536;534;532;533;531;539;543;540;542;541;547;550;553;554;557;556;558;555;551;552;548;544;545;559;601;560;549;546;561;562;563;564;565;566;567;570;569;573;572;571;574;577;575;578;576;579;580;581;582;583;584;586;587;588;589;590;585;639;640;647;641;642;643;644;645;646;638;636;593;592;591;594;597;596;595;635;637;656;657;658;659;660;661;663;662;652;653;654;655;651;650;649;648;665;107;108;109;110;111;112;113;114;117;126;125;118;119;120;121;122;123;124;127;128;129;130;131;132;133;134;135;136;83;84;85;81;80;79;78;77;76;74;75;73;72;51;49;44;40;35;34;33;32;31;26;24;20;21;22;23;25;27;28;52;53;54;56;57;61;58;59;55;60;62;63;64;65;66;67;68;69;70;71;88;87;82;86;90;89;91;92;95;94;93;96;97;98;99;100;101;137;102;103;104;116;115;105;106;664;50;
Melhor Alcançado;326304.000000; Geração;4
Qtde de Entradas Recursivas;0; Qtde Execuções Recursivas;0; Qtde Execuções das Combinações;0



