Instância;./files/gr666.xml
Execução;4 / 25
Tamanho da Populaçap;200
Máximo de gerações;300
Mutação;6
Cruzamento;1
% Manpulação;30
% Mutação;2
Print Parcial;1
Ativa Recursivo;0
Percentual de Redução;78
Profundidade Máxima;100
Percentual de Eltismo;70
Seleção para Cruzamento;0
Forma de Seleção par Mutação;1

Geração 1 / 300:;Profundidade;0;Melhor;416523.000000;Pior;5029782.000000;Media;4392085.425000;Tempo;3827.000000
Geração 2 / 300:;Profundidade;0;Melhor;349934.000000;Pior;5022308.000000;Media;4313058.615000;Tempo;7561.000000
Geração 3 / 300:;Profundidade;0;Melhor;332785.000000;Pior;4987542.000000;Media;4236023.990000;Tempo;11286.000000
Geração 4 / 300:;Profundidade;0;Melhor;328217.000000;Pior;5064778.000000;Media;4163230.435000;Tempo;15018.000000
Temmpo de execução;15018.000000
melhor;328217.000000
Individuo;0;309;308;307;301;300;299;297;298;296;295;293;292;294;291;305;306;304;303;302;284;263;265;264;285;287;288;290;289;286;267;268;266;259;253;254;244;252;245;246;248;247;249;236;235;237;238;241;240;239;145;144;143;142;141;139;140;234;17;16;45;15;14;13;12;48;46;47;42;41;36;37;43;44;39;38;32;31;30;29;10;11;9;8;6;7;19;24;25;23;22;20;21;18;5;4;3;2;1;478;479;480;477;474;475;476;481;619;485;483;482;484;623;625;624;626;627;628;629;630;631;633;632;622;621;620;618;617;613;616;615;614;612;603;602;604;605;606;568;569;570;607;598;599;600;608;609;610;611;634;635;597;595;596;594;591;592;593;636;637;638;646;645;655;656;657;658;659;660;664;663;661;662;653;652;654;651;650;649;648;643;642;644;641;640;647;639;585;590;589;586;584;583;582;581;580;579;578;575;574;577;576;587;588;572;571;573;567;566;565;564;563;562;561;546;560;601;559;545;544;543;548;549;552;551;555;556;557;558;554;553;550;547;541;542;540;539;533;532;531;530;534;536;538;537;535;529;528;527;471;472;470;469;473;468;465;466;467;464;463;437;438;315;439;440;441;390;391;392;393;394;399;395;442;443;445;452;451;447;448;449;461;462;450;457;456;455;453;412;446;454;490;491;458;459;460;520;519;492;518;517;516;514;523;515;522;521;524;525;526;509;510;511;512;513;508;202;164;165;507;505;506;163;162;161;160;159;503;504;502;158;156;157;154;155;500;498;501;499;497;496;495;494;435;493;489;488;486;427;429;428;416;415;414;413;411;407;405;398;397;402;396;389;335;334;333;329;330;326;325;319;318;317;316;311;436;310;312;313;314;323;324;322;320;321;327;331;328;283;332;344;343;341;342;340;339;338;337;336;274;279;282;281;280;278;275;277;276;269;271;273;351;356;353;352;354;345;346;347;348;349;350;400;358;355;357;272;363;364;362;361;360;270;261;260;262;255;256;257;375;370;371;372;373;374;417;418;419;369;367;366;365;359;401;403;368;404;406;408;409;410;422;421;420;423;382;381;380;378;376;377;258;379;251;250;242;243;146;147;149;150;151;387;388;386;385;383;384;425;424;426;431;430;432;433;487;434;153;152;148;184;185;183;182;181;170;166;171;172;175;173;174;169;168;167;138;83;84;85;81;80;79;78;77;76;75;74;73;51;49;50;72;64;40;35;34;33;26;27;28;52;53;54;56;57;61;59;58;55;60;62;63;66;67;65;68;69;70;92;71;88;87;82;86;90;89;91;94;93;95;96;97;98;99;100;101;137;136;135;134;133;132;131;130;129;127;128;124;123;122;121;119;118;120;117;125;126;102;103;104;116;114;113;112;111;110;109;115;105;106;107;108;665;217;216;176;177;178;179;186;180;187;188;192;189;190;191;195;193;194;206;207;218;220;219;228;227;226;224;225;215;223;222;221;211;212;213;214;229;230;232;233;231;205;204;203;201;199;200;198;209;210;208;196;197;444;
Melhor Alcançado;328217.000000; Geração;4
Qtde de Entradas Recursivas;0; Qtde Execuções Recursivas;0; Qtde Execuções das Combinações;0



