Instância;./files/gr666.xml
Execução;9 / 25
Tamanho da Populaçap;200
Máximo de gerações;300
Mutação;6
Cruzamento;1
% Manpulação;30
% Mutação;2
Print Parcial;1
Ativa Recursivo;0
Percentual de Redução;78
Profundidade Máxima;100
Percentual de Eltismo;70
Seleção para Cruzamento;0
Forma de Seleção par Mutação;1

Geração 1 / 300:;Profundidade;0;Melhor;411156.000000;Pior;4916543.000000;Media;4386582.600000;Tempo;3512.000000
Geração 2 / 300:;Profundidade;0;Melhor;349276.000000;Pior;5027195.000000;Media;4327972.825000;Tempo;6981.000000
Geração 3 / 300:;Profundidade;0;Melhor;335382.000000;Pior;5011495.000000;Media;4235296.525000;Tempo;10433.000000
Geração 4 / 300:;Profundidade;0;Melhor;328549.000000;Pior;4947031.000000;Media;4126726.160000;Tempo;13920.000000
Geração 5 / 300:;Profundidade;0;Melhor;325782.000000;Pior;4822978.000000;Media;3989882.095000;Tempo;17326.000000
Temmpo de execução;17326.000000
melhor;325782.000000
Individuo;0;1;2;3;478;479;480;477;476;474;475;616;615;614;612;609;610;611;613;617;620;621;618;485;619;481;482;483;484;623;624;625;626;628;627;629;630;631;633;622;632;634;600;608;598;607;599;597;596;595;594;591;589;588;587;576;575;577;574;578;579;581;580;582;583;586;584;590;585;639;592;593;636;635;637;638;646;647;640;643;642;641;644;645;655;656;657;658;659;660;661;664;663;662;653;654;652;651;650;648;649;665;108;107;106;105;115;114;113;109;110;111;112;118;119;120;121;123;122;124;128;127;136;137;126;125;117;116;104;102;103;101;100;99;98;97;96;93;95;94;91;90;86;82;87;88;89;71;92;70;69;67;66;68;65;64;63;62;60;58;59;61;57;56;55;54;53;52;27;28;25;23;22;21;20;24;26;32;31;30;29;10;8;9;7;19;18;5;4;6;11;309;308;17;16;45;15;14;13;12;42;47;46;48;43;41;36;37;38;33;34;35;40;39;44;49;50;51;72;73;74;75;76;77;78;79;80;81;85;84;83;135;134;133;132;131;129;130;138;167;168;166;169;173;174;175;171;172;176;177;178;179;180;186;187;189;190;192;188;216;217;228;220;218;219;207;206;193;194;195;191;185;184;183;182;181;170;148;153;434;154;157;156;155;158;162;161;160;164;201;200;199;198;197;196;208;209;210;211;221;223;222;224;226;227;225;215;229;214;212;213;205;204;203;231;230;232;233;202;165;508;507;505;506;163;159;504;503;502;513;514;523;515;522;516;517;518;492;494;495;496;498;501;500;499;497;435;493;489;490;491;458;459;519;520;521;524;525;512;511;510;509;526;528;529;535;537;538;547;550;553;554;557;556;558;555;551;548;552;549;546;562;563;564;565;567;573;572;571;570;569;568;566;606;605;604;603;602;601;560;561;545;559;544;543;539;540;542;541;536;534;533;532;531;530;470;472;471;527;460;457;456;455;452;453;451;447;448;450;449;461;462;465;468;469;473;466;467;464;463;437;436;310;311;316;319;318;317;301;307;300;299;298;297;296;295;294;293;290;292;291;304;305;306;303;302;263;284;287;288;285;289;286;267;265;264;266;259;248;253;254;252;244;251;250;242;243;245;246;247;249;236;235;234;140;139;141;142;143;144;238;145;237;241;240;239;146;147;379;149;150;151;152;388;386;387;385;384;383;430;425;424;426;427;431;432;433;487;486;488;454;446;428;429;416;415;414;413;411;412;445;443;442;395;441;390;391;392;389;335;334;347;346;348;349;350;401;400;358;367;366;365;359;355;354;352;353;356;351;272;357;364;363;362;361;360;262;370;375;371;372;376;377;378;373;374;418;417;419;369;404;368;403;396;402;397;398;393;394;399;444;407;405;406;408;409;410;422;421;423;420;382;381;380;258;256;257;255;260;261;270;271;269;268;276;277;278;275;274;336;279;282;280;281;283;332;343;342;341;339;338;337;340;344;345;333;328;330;329;331;327;321;326;325;320;322;324;323;314;313;312;438;315;439;440;273;
Melhor Alcançado;325782.000000; Geração;5
Qtde de Entradas Recursivas;0; Qtde Execuções Recursivas;0; Qtde Execuções das Combinações;0



