Instância;files/gr666.xml
Execução;1 / 3
Tamanho da Populaçap;200
Máximo de gerações;300
Mutação;5
Cruzamento;9
% Manpulação;30
% Mutação;20
Print Parcial;1
Ativa Recursivo;0
Percentual de Redução;77
Profundidade Máxima;5
Percentual de Eltismo;70
Seleção para Cruzamento;0
Forma de Seleção par Mutação;1

Geração 1 / 300:;Profundidade;0;Melhor;4042284.000000;Pior;4729987.000000;Media;4408696.110000;Tempo;2268.000000
Geração 2 / 300:;Profundidade;0;Melhor;4003460.000000;Pior;4600477.000000;Media;4354806.085000;Tempo;4579.000000
Temmpo de execução;4579.000000
melhor;4003460.000000
Individuo;0;1;2;461;502;5;6;7;306;446;358;11;83;13;110;3;371;488;18;31;20;395;222;301;24;383;26;608;257;464;305;92;421;33;129;198;603;385;285;39;567;41;42;174;542;605;46;324;43;85;252;44;439;53;205;9;472;57;58;82;60;61;62;429;64;194;45;648;649;487;284;455;332;106;330;329;448;551;196;325;47;323;322;534;632;319;318;364;414;77;571;204;8;84;310;212;326;468;157;152;386;303;144;627;300;299;298;297;296;351;469;156;292;291;290;559;288;287;286;582;453;283;348;281;251;279;278;450;276;275;274;273;561;146;427;580;268;508;266;37;264;339;30;255;260;259;258;104;256;19;4;562;599;232;250;267;397;247;246;370;433;243;131;181;449;239;238;237;236;565;234;125;462;231;513;189;228;336;547;225;224;613;127;411;220;94;388;149;622;598;497;213;200;151;593;188;269;354;477;579;98;657;293;201;22;435;501;197;223;195;183;645;651;476;190;376;384;203;186;185;184;17;122;372;180;161;178;226;176;581;500;173;172;171;202;169;86;167;166;165;625;163;229;428;160;514;36;349;505;155;154;604;262;432;124;215;209;147;271;145;525;242;466;148;140;346;366;633;621;135;134;133;321;426;120;170;128;249;620;90;89;638;277;636;436;179;71;494;357;137;629;628;54;309;164;244;623;12;333;440;619;618;617;616;443;614;289;34;295;442;394;192;230;115;50;363;158;602;601;600;66;14;597;596;595;594;418;404;532;590;587;40;38;630;15;584;235;483;48;208;552;454;393;359;575;574;573;572;471;570;512;568;282;566;583;217;563;480;272;35;308;558;557;556;555;610;51;624;21;550;549;548;177;546;545;544;543;635;541;540;539;538;360;536;499;644;533;634;531;530;529;528;527;294;132;524;523;380;521;437;519;518;517;153;406;221;398;569;511;80;537;420;175;457;331;504;327;313;560;489;535;498;214;496;495;320;493;492;491;503;522;479;304;280;485;484;143;482;481;81;631;478;206;365;475;441;473;56;381;470;526;307;396;142;465;29;463;486;585;460;425;458;506;456;136;76;68;452;70;369;422;312;447;193;445;409;615;408;87;126;379;378;233;665;199;434;592;63;65;218;263;340;626;342;52;344;345;139;646;112;328;350;410;352;353;515;123;347;69;130;119;118;117;116;520;114;113;75;111;49;109;108;107;373;105;474;74;102;101;343;554;28;97;96;95;219;93;261;302;606;187;88;315;211;564;254;10;240;253;361;79;78;314;578;210;103;73;248;216;402;355;334;431;430;168;591;270;423;459;424;609;516;32;341;419;337;417;416;415;316;413;412;159;356;612;99;407;150;405;100;403;27;401;400;399;607;377;467;490;589;577;392;444;390;389;338;387;141;265;335;25;382;121;507;662;55;72;162;375;374;59;241;16;245;451;368;367;138;509;317;391;362;510;191;576;586;588;611;182;641;640;207;642;643;91;438;311;647;67;655;650;637;652;653;654;227;656;639;658;659;660;661;23;663;664;553;
Melhor Alcançado;1000000.000000; Geração;808598384
Qtde de Entradas Recursivas;0; Qtde Execuções Recursivas;0; Qtde Execuções das Combinações;0



