Instância;files/gr666.xml
Execução;2 / 3
Tamanho da Populaçap;200
Máximo de gerações;300
Mutação;5
Cruzamento;11
% Manpulação;30
% Mutação;20
Print Parcial;1
Ativa Recursivo;0
Percentual de Redução;77
Profundidade Máxima;5
Percentual de Eltismo;70
Seleção para Cruzamento;0
Forma de Seleção par Mutação;1

Geração 1 / 300:;Profundidade;0;Melhor;4057601.000000;Pior;4705850.000000;Media;4415501.305000;Tempo;2278.000000
Geração 2 / 300:;Profundidade;0;Melhor;4017861.000000;Pior;4589569.000000;Media;4389834.650000;Tempo;4563.000000
Temmpo de execução;4563.000000
melhor;4017861.000000
Individuo;0;1;2;129;4;38;376;15;234;652;169;650;649;636;207;79;17;244;251;324;374;628;481;626;443;624;623;460;182;446;517;618;617;240;480;614;613;612;510;610;437;608;94;606;605;604;603;163;311;600;599;598;597;596;595;71;93;590;591;484;589;588;508;586;585;584;583;396;255;580;36;578;561;576;149;574;573;572;571;570;566;568;294;445;476;165;563;564;577;562;273;640;51;556;555;534;553;552;551;550;549;548;547;482;171;544;543;592;541;540;539;224;173;464;81;113;414;582;214;21;291;153;527;46;293;524;523;522;395;520;519;518;619;281;274;514;513;231;7;95;509;121;507;506;505;569;538;502;150;170;285;23;497;117;498;494;493;492;90;487;132;408;465;440;221;290;145;275;92;542;325;478;179;565;475;474;473;632;454;634;175;106;462;284;139;620;463;467;48;622;459;629;457;546;641;49;453;452;14;627;247;128;447;557;86;43;625;89;441;455;156;438;601;436;435;434;433;432;431;489;339;428;427;525;33;424;477;422;114;361;406;515;417;469;16;504;413;98;418;638;65;239;199;651;532;404;403;639;409;400;345;398;421;390;336;394;393;412;391;405;389;237;387;203;385;384;383;229;381;486;420;246;228;6;458;19;373;372;248;648;587;368;367;78;365;364;320;488;379;318;359;358;197;615;297;663;353;536;302;635;349;348;347;621;631;344;343;342;341;142;72;526;140;261;12;479;103;125;331;330;382;328;327;326;334;630;323;472;321;168;257;560;317;186;310;314;313;312;40;319;309;308;307;306;305;304;303;269;301;362;299;298;272;296;295;567;322;292;529;232;87;161;287;491;25;20;283;282;643;280;449;602;277;110;442;253;360;355;545;270;131;268;267;266;225;166;351;655;392;162;386;258;354;256;271;254;259;356;148;250;126;533;109;378;245;338;58;516;490;659;300;238;120;236;235;41;233;24;380;26;346;377;579;141;265;340;164;222;485;220;174;218;217;216;215;100;213;289;211;210;209;208;134;99;8;252;501;352;223;530;554;198;135;104;503;202;201;397;191;190;189;188;187;316;185;448;450;370;263;646;645;644;375;642;97;329;402;410;115;105;37;34;423;363;177;159;470;130;35;172;581;500;419;416;167;264;84;193;483;157;288;609;511;158;647;439;155;154;528;152;151;279;575;42;178;146;665;144;143;77;350;262;426;138;137;136;468;531;133;430;226;616;3;401;127;27;593;124;123;122;147;388;119;118;664;116;637;192;195;112;111;366;212;108;107;429;47;662;333;102;67;451;471;521;558;371;160;607;332;59;658;286;456;88;661;495;85;559;83;82;535;80;249;276;241;76;75;74;73;22;594;53;69;68;101;66;196;50;63;62;61;60;537;243;57;56;55;54;70;52;611;315;227;461;512;29;45;44;444;230;653;194;30;5;181;184;260;411;425;32;31;39;96;28;183;399;369;206;407;357;200;466;242;18;278;415;180;499;13;335;11;10;9;205;204;91;657;656;337;654;660;176;219;64;496;633;
Melhor Alcançado;1000000.000000; Geração;33
Qtde de Entradas Recursivas;0; Qtde Execuções Recursivas;0; Qtde Execuções das Combinações;0



