Instância;files/gr666.xml
Execução;3 / 3
Tamanho da Populaçap;200
Máximo de gerações;300
Mutação;6
Cruzamento;0
% Manpulação;30
% Mutação;20
Print Parcial;1
Ativa Recursivo;0
Percentual de Redução;77
Profundidade Máxima;5
Percentual de Eltismo;70
Seleção para Cruzamento;0
Forma de Seleção par Mutação;1

Geração 1 / 300:;Profundidade;0;Melhor;341223.000000;Pior;4784307.000000;Media;3766783.030000;Tempo;44530.000000
Temmpo de execução;44530.000000
melhor;341223.000000
Individuo;0;309;308;307;301;300;316;318;317;319;320;322;324;323;314;315;313;312;310;311;436;437;438;439;440;442;443;395;391;441;390;389;331;326;325;327;321;330;329;328;333;274;275;276;277;278;279;280;281;282;283;332;344;340;342;341;343;339;336;338;337;352;354;353;356;357;355;358;359;365;372;371;370;375;377;376;378;374;373;418;417;369;419;380;420;423;421;422;410;408;409;406;404;403;368;367;400;401;350;349;348;345;346;347;334;335;392;396;402;397;398;393;394;399;444;405;407;411;414;415;413;412;445;453;452;451;447;448;449;450;457;456;455;454;446;416;429;428;486;488;489;490;491;492;517;518;516;522;519;459;458;460;520;521;524;527;471;470;468;466;465;462;461;463;464;467;474;475;473;469;472;530;531;532;533;534;535;529;528;526;525;512;523;515;514;513;504;503;159;502;158;157;156;500;498;501;499;497;496;495;494;493;435;155;154;153;434;487;433;432;430;431;427;426;424;425;383;384;382;381;387;385;386;388;152;151;149;150;379;258;256;257;262;255;244;252;254;253;259;260;261;270;361;360;362;363;364;272;351;271;273;269;268;267;286;289;290;288;285;287;293;291;292;294;295;299;298;296;297;306;305;304;303;302;284;264;266;265;263;249;236;235;143;142;141;144;145;238;237;241;239;240;246;247;248;245;243;242;250;251;147;146;148;181;172;171;170;182;186;180;179;177;178;176;175;174;173;169;167;168;138;166;139;140;234;17;16;45;46;47;48;42;43;38;39;44;49;51;50;72;73;75;74;76;77;78;79;80;84;83;85;81;86;82;87;88;90;89;71;70;69;68;65;64;63;66;67;92;95;93;94;91;96;97;98;99;100;137;136;133;134;135;132;131;130;129;128;127;126;125;102;103;101;104;116;114;105;115;106;107;665;108;109;110;111;112;113;117;118;119;120;121;122;123;124;217;216;206;207;219;218;220;228;224;227;226;225;215;221;223;222;211;212;210;209;208;213;214;229;230;232;231;233;202;205;204;203;201;200;198;199;197;196;195;194;193;192;188;189;190;187;183;185;184;191;162;161;160;163;164;165;507;506;505;508;511;510;509;538;537;536;541;547;550;553;554;557;556;558;555;551;552;549;548;542;540;539;543;544;545;559;601;560;546;561;562;563;565;564;573;567;566;606;607;600;608;598;599;597;596;595;594;591;592;639;647;640;641;646;645;644;642;643;648;649;650;651;652;653;654;655;656;657;658;635;637;638;636;593;585;590;589;588;587;586;583;584;582;581;580;579;578;576;575;577;574;571;572;570;569;568;605;604;602;603;609;612;614;616;615;622;621;620;618;617;613;610;611;634;633;632;631;630;629;628;627;626;624;625;482;484;623;483;485;619;481;476;477;480;479;478;1;2;3;4;18;5;19;6;7;9;8;10;11;15;14;13;12;41;36;37;29;30;31;32;33;34;35;40;54;57;58;61;62;60;59;55;56;53;52;28;27;26;24;25;23;22;21;20;659;660;661;662;663;664;366;
Melhor Alcançado;341223.000000; Geração;1
Qtde de Entradas Recursivas;0; Qtde Execuções Recursivas;0; Qtde Execuções das Combinações;0



