Instância;./files/gr666.xml
Execução;1 / 25
Tamanho da Populaçap;200
Máximo de gerações;300
Mutação;6
Cruzamento;2
% Manpulação;30
% Mutação;2
Print Parcial;1
Ativa Recursivo;0
Percentual de Redução;78
Profundidade Máxima;100
Percentual de Eltismo;70
Seleção para Cruzamento;0
Forma de Seleção par Mutação;1

Geração 1 / 300:;Profundidade;0;Melhor;406367.000000;Pior;4811667.000000;Media;4349541.795000;Tempo;3751.000000
Geração 2 / 300:;Profundidade;0;Melhor;341459.000000;Pior;4675007.000000;Media;4246715.985000;Tempo;7207.000000
Geração 3 / 300:;Profundidade;0;Melhor;330888.000000;Pior;4615351.000000;Media;4107647.235000;Tempo;10660.000000
Geração 4 / 300:;Profundidade;0;Melhor;329124.000000;Pior;4561160.000000;Media;3950602.955000;Tempo;14112.000000
Geração 5 / 300:;Profundidade;0;Melhor;328437.000000;Pior;4570970.000000;Media;3730271.950000;Tempo;17572.000000
Temmpo de execução;17572.000000
melhor;328437.000000
Individuo;0;309;308;11;6;7;9;8;10;29;30;31;32;33;34;35;55;58;59;60;63;64;65;68;67;66;62;61;57;56;54;53;52;28;27;26;25;23;22;21;20;24;19;18;5;4;1;2;3;478;479;480;477;483;482;484;623;624;625;626;628;629;630;627;631;632;633;622;621;617;613;610;611;634;599;600;608;607;598;597;596;595;594;591;592;593;636;635;658;657;656;637;638;646;645;644;643;642;641;640;647;639;585;590;589;586;584;583;582;581;580;579;578;575;574;577;576;587;588;571;572;573;564;562;546;549;552;548;551;554;555;556;558;557;553;550;547;538;537;536;534;533;532;531;530;529;535;526;509;510;511;512;513;514;515;523;525;524;522;516;517;518;519;520;460;521;527;528;471;472;470;469;468;465;466;473;539;540;541;542;543;545;544;559;560;601;561;563;565;566;567;570;569;568;606;605;604;602;603;609;612;614;615;616;618;620;485;619;481;476;474;475;467;464;463;437;436;310;312;311;316;319;318;317;300;307;301;299;295;298;296;297;305;306;302;303;304;291;293;294;292;290;287;284;285;288;289;286;267;268;270;269;271;273;351;272;357;353;356;352;354;355;358;359;365;366;367;400;401;403;404;368;369;406;405;444;399;394;393;398;402;397;396;350;349;348;347;346;345;332;344;340;343;342;341;339;338;337;336;274;275;277;276;278;279;280;282;281;283;333;328;329;330;326;325;320;322;323;324;327;321;331;334;335;389;392;391;390;441;395;442;443;440;439;313;314;315;438;447;448;461;462;449;450;457;458;459;491;490;492;494;495;496;497;499;500;501;498;502;503;504;159;163;506;505;507;508;165;164;161;162;160;158;156;157;154;155;435;493;489;488;486;487;433;434;153;152;151;388;386;387;385;381;382;420;421;423;383;384;430;432;431;425;424;426;427;429;428;415;416;446;454;453;455;456;451;452;445;412;414;413;411;407;410;422;409;408;419;417;418;374;373;378;377;376;372;364;363;362;361;360;262;260;261;255;257;256;370;371;375;258;380;379;150;149;147;250;251;244;252;254;245;243;242;146;240;241;239;246;247;248;253;259;266;265;264;263;249;236;235;237;238;145;144;143;142;141;139;140;234;17;16;15;14;13;45;47;46;48;42;12;41;36;37;43;38;39;40;44;49;51;50;72;73;75;76;74;77;78;79;80;81;86;82;87;88;71;70;69;92;664;663;661;662;659;660;653;652;654;655;651;650;649;648;665;217;108;107;106;105;115;114;113;109;110;112;111;118;119;120;121;124;122;123;128;127;126;125;117;116;104;103;102;101;100;99;98;97;94;95;93;91;89;90;96;137;136;85;84;83;135;133;134;132;131;130;129;216;218;219;220;228;227;224;226;225;215;222;223;221;211;212;210;208;209;213;214;229;231;230;232;233;202;203;204;205;201;200;199;198;197;196;207;206;193;194;195;191;190;192;189;188;187;180;186;179;178;177;176;175;174;173;169;168;138;166;172;171;170;181;182;148;183;184;185;167;
Melhor Alcançado;328437.000000; Geração;5
Qtde de Entradas Recursivas;0; Qtde Execuções Recursivas;0; Qtde Execuções das Combinações;0



