Instância;files/gr666.xml
Execução;1 / 3
Tamanho da Populaçap;200
Máximo de gerações;300
Mutação;5
Cruzamento;8
% Manpulação;30
% Mutação;20
Print Parcial;1
Ativa Recursivo;0
Percentual de Redução;77
Profundidade Máxima;5
Percentual de Eltismo;70
Seleção para Cruzamento;0
Forma de Seleção par Mutação;1

Geração 1 / 300:;Profundidade;0;Melhor;4100457.000000;Pior;4751637.000000;Media;4422863.745000;Tempo;2286.000000
Geração 2 / 300:;Profundidade;0;Melhor;4061155.000000;Pior;5030026.000000;Media;4437717.315000;Tempo;4550.000000
Temmpo de execução;4550.000000
melhor;4061155.000000
Individuo;0;186;2;3;4;283;282;304;374;264;205;419;12;13;25;15;16;320;421;534;20;43;144;471;651;644;647;648;649;650;443;483;622;654;457;286;27;143;29;139;31;349;261;370;378;36;297;212;431;40;121;42;21;24;470;47;46;572;184;620;103;52;53;319;55;445;137;58;86;78;61;62;63;627;211;92;67;373;69;70;359;619;34;74;507;76;77;399;107;122;389;82;444;441;520;174;87;95;89;90;235;236;351;11;592;240;241;242;243;442;245;246;247;19;314;250;251;447;506;353;392;564;132;472;259;298;438;262;434;163;265;266;267;394;606;168;596;257;273;274;275;276;277;278;32;280;281;420;193;610;285;621;510;384;293;508;208;604;48;217;531;296;60;260;299;635;301;302;303;169;661;80;307;308;309;639;148;418;33;465;312;316;317;318;482;17;321;322;579;324;436;326;327;336;329;330;454;609;629;334;435;391;337;338;177;446;100;409;343;344;345;153;347;585;382;269;237;352;652;354;498;356;357;545;71;37;361;57;363;191;365;366;369;348;263;291;509;372;68;549;595;183;658;35;379;458;381;54;427;288;367;608;6;479;81;560;38;614;141;529;463;396;397;350;503;400;131;170;624;154;405;467;603;408;342;570;487;268;248;198;415;659;655;279;238;26;575;422;486;424;425;9;362;428;429;156;39;432;618;65;331;234;437;459;255;440;84;244;583;94;56;593;93;315;450;449;85;452;416;335;455;532;340;559;516;525;461;462;395;376;284;466;201;213;398;45;23;258;556;474;475;476;477;478;388;480;481;123;306;611;485;117;411;488;196;490;526;492;355;108;313;584;497;493;499;30;501;502;158;504;580;328;128;232;371;380;511;512;548;514;515;204;626;518;489;589;521;305;523;524;460;413;581;22;617;210;517;550;533;239;535;145;513;538;539;540;541;542;543;28;358;546;192;377;5;456;551;552;469;554;555;653;598;558;254;134;561;272;18;256;565;346;567;333;527;410;625;270;573;574;563;576;577;218;221;180;569;582;530;496;637;586;597;588;646;590;591;468;417;325;557;173;414;375;599;99;339;147;505;547;605;464;607;386;332;7;484;612;311;407;101;616;632;433;219;602;387;473;623;403;571;402;64;628;295;630;631;553;495;406;195;233;290;439;230;228;229;227;226;225;224;223;222;116;220;49;252;294;578;215;663;310;8;114;59;209;522;207;206;10;289;72;202;587;216;199;96;197;188;83;178;385;292;287;190;189;519;187;1;185;615;151;182;181;231;179;194;601;566;112;44;271;172;171;536;102;126;175;166;165;164;426;162;161;176;159;203;157;88;167;404;160;152;249;150;149;91;50;390;568;528;544;73;393;140;500;138;383;136;135;146;133;562;401;130;129;75;127;412;125;124;448;364;41;120;119;118;423;300;115;451;113;360;111;110;109;494;79;106;105;104;51;200;537;341;142;155;656;634;430;600;633;66;613;594;636;368;638;253;640;641;642;643;14;645;98;97;657;491;453;660;323;662;214;664;665;
Melhor Alcançado;1000000.000000; Geração;140657864
Qtde de Entradas Recursivas;0; Qtde Execuções Recursivas;0; Qtde Execuções das Combinações;0



