Instância;./files/gr666.xml
Execução;10 / 25
Tamanho da Populaçap;200
Máximo de gerações;300
Mutação;6
Cruzamento;2
% Manpulação;30
% Mutação;2
Print Parcial;1
Ativa Recursivo;0
Percentual de Redução;78
Profundidade Máxima;100
Percentual de Eltismo;70
Seleção para Cruzamento;0
Forma de Seleção par Mutação;1

Geração 1 / 300:;Profundidade;0;Melhor;397131.000000;Pior;4734362.000000;Media;4347146.625000;Tempo;3503.000000
Geração 2 / 300:;Profundidade;0;Melhor;344227.000000;Pior;4681658.000000;Media;4258433.315000;Tempo;6971.000000
Geração 3 / 300:;Profundidade;0;Melhor;330710.000000;Pior;4721878.000000;Media;4136872.215000;Tempo;10424.000000
Geração 4 / 300:;Profundidade;0;Melhor;325384.000000;Pior;4791872.000000;Media;3996396.890000;Tempo;13887.000000
Geração 5 / 300:;Profundidade;0;Melhor;322929.000000;Pior;4556591.000000;Media;3829612.395000;Tempo;17335.000000
Temmpo de execução;17335.000000
melhor;322929.000000
Individuo;0;309;308;307;301;300;317;318;319;316;311;310;436;312;313;314;439;315;438;447;448;449;450;462;461;437;463;464;477;480;479;478;3;2;1;4;5;18;19;7;6;9;11;8;10;29;30;36;37;41;43;42;12;48;47;46;45;13;14;15;16;17;234;140;139;141;143;142;144;146;240;239;145;238;237;241;235;236;249;247;246;245;248;265;263;264;266;259;253;254;252;244;251;250;242;243;147;149;379;150;151;152;388;385;386;387;381;382;383;384;423;421;420;408;409;410;422;426;427;429;428;416;415;414;413;411;412;444;405;407;406;404;368;369;419;417;418;374;373;372;376;378;377;380;258;375;371;370;257;256;255;262;261;260;270;360;361;362;363;364;359;365;366;367;358;355;354;352;353;357;356;272;271;351;273;269;268;267;285;284;287;288;290;292;291;304;302;303;306;305;297;299;296;298;295;294;293;289;286;276;277;275;278;280;281;282;279;274;336;338;337;339;340;342;343;341;344;332;283;328;333;345;346;347;348;349;350;400;401;403;396;402;397;398;393;394;399;395;441;390;391;392;389;335;334;331;329;330;326;325;327;321;320;322;323;324;440;442;443;445;446;454;455;453;452;451;456;457;460;458;459;491;492;490;489;488;486;487;431;424;425;430;432;433;434;153;154;157;156;155;500;501;498;499;497;495;496;435;493;494;518;517;516;522;519;520;521;524;523;515;514;525;526;528;527;471;472;470;469;473;468;465;466;467;474;475;476;481;619;618;485;482;483;484;623;624;625;626;628;629;627;630;631;633;632;622;621;620;617;615;616;613;611;610;609;612;614;603;602;604;605;606;568;566;567;565;573;564;563;562;561;560;601;559;545;548;543;544;546;549;552;555;558;557;556;554;551;553;550;547;541;542;540;539;534;533;532;531;530;529;535;536;537;538;509;510;511;512;513;508;507;505;506;165;164;163;159;504;503;502;158;160;161;162;185;184;183;148;181;182;170;171;166;138;167;168;169;173;174;175;172;176;177;178;179;180;186;187;189;188;192;190;191;195;194;193;206;207;196;198;199;197;200;201;203;205;204;202;233;231;230;232;229;214;213;209;208;210;212;211;221;222;223;224;215;225;226;227;228;220;218;219;216;217;119;118;120;121;122;123;124;128;127;129;131;130;132;134;133;135;83;84;85;136;137;126;125;117;114;116;104;103;102;101;100;99;98;97;96;93;95;94;91;90;89;71;88;87;82;86;79;81;80;78;77;76;75;74;51;73;72;50;49;44;40;35;34;33;38;32;31;26;24;25;27;28;52;53;54;56;57;55;58;59;60;61;62;63;64;65;66;67;68;69;70;92;664;106;105;115;113;111;112;110;109;108;107;665;649;650;651;648;643;642;641;640;647;639;593;585;590;589;588;587;586;583;584;582;580;581;579;578;576;575;577;574;572;571;570;569;607;598;608;600;599;634;597;596;595;594;591;592;636;635;658;657;656;637;638;646;644;645;655;652;654;653;662;663;661;660;659;21;20;22;23;39;
Melhor Alcançado;322929.000000; Geração;5
Qtde de Entradas Recursivas;0; Qtde Execuções Recursivas;0; Qtde Execuções das Combinações;0



