Instância;./files/gr666.xml
Execução;18 / 25
Tamanho da Populaçap;200
Máximo de gerações;300
Mutação;6
Cruzamento;5
% Manpulação;30
% Mutação;2
Print Parcial;1
Ativa Recursivo;0
Percentual de Redução;78
Profundidade Máxima;100
Percentual de Eltismo;70
Seleção para Cruzamento;0
Forma de Seleção par Mutação;1

Geração 1 / 300:;Profundidade;0;Melhor;410339.000000;Pior;4832552.000000;Media;4368452.675000;Tempo;3786.000000
Geração 2 / 300:;Profundidade;0;Melhor;343912.000000;Pior;4790666.000000;Media;4300682.425000;Tempo;7507.000000
Geração 3 / 300:;Profundidade;0;Melhor;323438.000000;Pior;4786577.000000;Media;4202513.260000;Tempo;11223.000000
Geração 4 / 300:;Profundidade;0;Melhor;319504.000000;Pior;4800401.000000;Media;4106523.430000;Tempo;14948.000000
Temmpo de execução;14948.000000
melhor;319504.000000
Individuo;0;309;308;17;16;15;14;12;13;45;46;47;48;42;41;36;37;43;38;44;39;40;35;34;33;32;26;31;30;29;10;11;9;8;6;7;5;18;19;24;21;20;22;23;25;27;28;52;53;54;55;56;57;58;59;61;62;60;63;66;67;69;68;65;64;72;73;50;49;51;74;75;76;77;78;81;79;80;86;82;87;88;89;90;91;71;70;92;664;663;661;662;660;659;4;3;2;1;478;479;480;477;475;473;469;472;530;531;534;533;532;541;542;540;539;543;544;545;559;601;560;563;562;561;546;549;552;548;551;555;556;557;558;554;553;550;547;538;537;536;535;529;528;527;471;470;468;465;466;467;474;476;481;619;485;483;482;484;623;625;624;626;627;628;629;630;631;632;633;622;621;620;618;617;616;615;613;611;610;609;612;614;603;602;605;604;606;568;570;569;567;566;565;564;573;572;571;574;577;578;575;576;579;581;580;582;584;583;586;587;588;589;590;585;639;593;636;592;591;594;595;596;597;598;607;599;608;600;634;635;658;657;653;652;654;655;656;637;638;646;647;640;641;642;643;644;645;649;651;650;648;665;107;108;110;109;106;105;115;104;116;114;113;112;111;118;120;119;121;122;123;124;128;127;125;117;126;102;103;101;100;99;98;97;95;94;93;96;137;136;85;84;83;135;134;133;132;131;130;129;217;216;219;218;220;228;227;226;225;215;224;223;222;221;211;210;209;208;212;213;214;229;230;232;231;233;202;203;204;205;201;200;198;199;197;196;207;206;194;193;195;191;162;161;160;163;164;165;505;506;507;508;509;510;526;525;524;521;520;460;519;459;458;491;492;518;517;516;522;515;523;514;512;511;513;502;504;159;503;158;154;157;156;155;500;501;498;499;435;497;496;495;494;493;490;489;488;487;486;429;428;416;415;413;414;412;446;454;455;456;457;451;452;453;445;443;442;440;314;313;439;315;438;447;448;450;449;461;462;463;464;437;436;310;312;311;307;301;300;318;317;316;319;323;322;320;325;326;321;327;331;330;329;333;328;283;281;282;280;279;278;275;277;276;286;289;285;288;287;290;291;292;293;294;295;296;298;299;297;306;305;304;303;302;284;263;264;265;266;267;268;269;271;351;273;274;336;337;338;339;340;341;342;343;344;332;345;346;348;347;334;335;389;391;390;441;395;394;393;392;396;350;349;400;401;367;366;359;365;358;355;354;352;353;357;356;272;364;363;362;270;360;361;370;257;256;255;262;261;260;259;253;248;247;246;245;252;254;244;251;250;243;242;147;146;240;239;241;237;238;145;144;143;141;142;235;236;249;234;140;139;138;168;166;167;169;173;174;175;172;171;176;177;178;179;186;180;187;189;188;192;190;185;184;183;182;181;170;148;152;151;149;150;379;258;375;371;372;376;377;380;378;373;374;418;417;419;369;368;404;403;402;397;398;399;444;405;407;411;410;422;409;406;408;420;421;423;384;383;382;381;387;386;385;388;153;434;433;432;430;425;424;431;426;427;324;
Melhor Alcançado;319504.000000; Geração;4
Qtde de Entradas Recursivas;0; Qtde Execuções Recursivas;0; Qtde Execuções das Combinações;0



