Instância;./files/gr666.xml
Execução;11 / 25
Tamanho da Populaçap;200
Máximo de gerações;300
Mutação;6
Cruzamento;1
% Manpulação;30
% Mutação;2
Print Parcial;1
Ativa Recursivo;0
Percentual de Redução;78
Profundidade Máxima;100
Percentual de Eltismo;70
Seleção para Cruzamento;0
Forma de Seleção par Mutação;1

Geração 1 / 300:;Profundidade;0;Melhor;411371.000000;Pior;4917176.000000;Media;4389905.070000;Tempo;3519.000000
Geração 2 / 300:;Profundidade;0;Melhor;353592.000000;Pior;4963898.000000;Media;4278491.650000;Tempo;6983.000000
Geração 3 / 300:;Profundidade;0;Melhor;335404.000000;Pior;4913283.000000;Media;4200204.615000;Tempo;10442.000000
Geração 4 / 300:;Profundidade;0;Melhor;329284.000000;Pior;4983530.000000;Media;4127833.915000;Tempo;13897.000000
Geração 5 / 300:;Profundidade;0;Melhor;325080.000000;Pior;4976280.000000;Media;4014625.100000;Tempo;17318.000000
Temmpo de execução;17318.000000
melhor;325080.000000
Individuo;0;1;4;3;2;478;479;480;477;464;463;462;461;449;448;450;447;451;452;453;455;456;457;460;520;521;524;525;526;527;528;472;471;470;469;473;468;465;466;467;474;476;475;616;615;618;619;481;483;482;484;623;485;624;625;626;627;628;629;630;631;632;633;622;621;620;617;613;610;611;609;612;614;603;602;604;605;606;568;566;567;569;570;607;598;608;599;600;634;635;595;596;597;594;591;592;585;590;586;589;588;587;584;583;582;581;580;579;578;576;575;577;574;571;572;573;564;565;563;562;546;561;560;601;559;544;545;549;552;548;551;555;558;556;557;554;553;550;547;541;542;540;543;539;532;531;533;534;530;529;535;536;537;538;509;510;512;511;513;515;514;523;522;516;517;518;519;459;458;491;492;494;488;486;487;434;153;433;432;430;425;424;431;426;427;429;428;416;446;454;490;489;493;435;497;495;496;499;498;501;500;155;154;157;156;158;502;503;504;159;162;161;160;163;506;505;508;507;165;164;202;233;231;232;230;229;214;210;209;208;207;206;193;194;196;195;191;197;198;199;200;201;203;205;204;213;212;211;221;223;222;224;215;225;226;227;228;219;220;218;216;217;665;107;108;109;110;111;112;113;114;115;105;106;116;117;118;119;120;121;125;126;127;128;124;122;123;129;130;131;132;133;134;135;83;84;85;80;79;81;78;77;82;86;87;88;75;76;74;73;72;50;51;49;44;43;41;42;48;46;47;45;17;16;15;14;13;12;29;30;36;37;38;39;40;35;34;33;32;31;26;25;23;22;20;21;659;658;657;655;656;637;638;636;593;639;640;647;646;645;644;641;642;643;649;648;650;651;654;652;653;660;661;662;663;664;92;97;98;99;101;100;104;103;102;137;136;96;94;95;93;91;90;89;71;70;69;68;67;66;65;64;63;62;60;55;58;59;61;57;56;54;53;52;28;27;24;19;18;5;7;6;9;8;10;11;309;308;307;301;300;299;298;297;296;295;305;306;302;303;304;291;292;293;294;290;289;286;267;285;287;288;284;263;265;266;259;253;244;252;254;245;248;247;246;240;241;239;144;141;142;143;145;238;237;235;236;249;234;140;139;166;167;168;138;169;173;174;175;171;172;176;177;178;179;180;186;187;188;192;189;190;184;185;183;182;181;170;148;146;242;243;250;251;147;149;379;258;380;382;381;387;150;151;152;388;386;385;384;383;420;423;421;422;410;409;408;419;374;418;417;369;367;366;359;358;355;354;352;353;357;356;272;363;364;365;373;378;377;376;372;371;370;375;257;256;255;260;261;262;360;361;362;270;271;351;273;269;268;276;277;275;278;280;281;282;279;274;336;337;338;339;340;342;341;343;344;332;283;328;333;329;330;326;325;321;327;331;389;335;334;345;346;347;348;349;350;400;401;403;404;368;406;405;407;444;399;395;394;393;397;398;402;396;392;391;390;324;323;322;320;319;318;317;316;311;310;436;437;312;438;313;314;315;439;440;441;442;443;445;412;411;413;414;415;264;
Melhor Alcançado;325080.000000; Geração;5
Qtde de Entradas Recursivas;0; Qtde Execuções Recursivas;0; Qtde Execuções das Combinações;0



