Instância;files/gr666.xml
Execução;1 / 3
Tamanho da Populaçap;200
Máximo de gerações;300
Mutação;5
Cruzamento;4
% Manpulação;30
% Mutação;20
Print Parcial;1
Ativa Recursivo;0
Percentual de Redução;77
Profundidade Máxima;5
Percentual de Eltismo;70
Seleção para Cruzamento;0
Forma de Seleção par Mutação;1

Geração 1 / 300:;Profundidade;0;Melhor;4108844.000000;Pior;4727255.000000;Media;4427386.525000;Tempo;2405.000000
Geração 2 / 300:;Profundidade;0;Melhor;4069440.000000;Pior;4585618.000000;Media;4388781.270000;Tempo;4674.000000
Temmpo de execução;4674.000000
melhor;4069440.000000
Individuo;0;629;474;59;96;5;6;378;8;89;10;217;12;13;328;15;197;162;18;549;307;80;477;23;24;182;201;291;28;29;83;76;104;33;25;179;99;37;38;155;596;41;599;177;252;372;46;47;48;152;426;410;365;444;416;301;56;57;647;3;60;61;62;63;173;65;66;584;68;69;70;268;367;498;74;75;325;455;194;650;21;81;499;30;322;85;86;87;88;645;591;536;111;108;523;604;582;557;427;97;95;403;449;450;186;84;572;82;300;73;36;98;100;172;457;103;32;105;554;434;428;389;218;479;226;113;114;115;116;642;210;380;120;271;122;49;124;358;240;40;128;129;553;490;64;337;134;107;136;420;138;139;140;141;142;188;497;225;146;147;470;149;150;14;491;336;154;39;156;157;605;400;373;363;579;496;505;17;665;453;219;169;166;171;101;132;216;175;355;607;533;626;180;255;241;183;664;190;178;528;435;189;526;77;192;560;78;513;475;476;198;199;200;286;202;203;543;465;323;207;208;209;580;564;613;514;267;131;52;7;110;168;72;221;222;223;224;145;112;117;118;305;158;390;484;424;624;441;402;144;618;384;151;517;109;473;407;343;569;279;163;643;319;167;362;534;19;652;634;181;191;193;195;488;535;663;614;204;632;206;425;472;456;398;174;228;480;234;137;237;393;395;244;213;250;445;413;641;263;519;266;615;636;281;382;547;600;508;55;525;404;366;303;304;309;310;638;411;42;429;440;658;205;623;338;339;341;546;558;611;349;248;352;354;357;247;364;532;463;370;568;374;376;415;379;487;409;386;387;148;302;438;397;399;401;143;79;406;133;408;462;412;123;53;621;418;442;422;423;563;483;452;433;270;436;439;396;524;503;443;447;448;540;566;516;460;570;468;102;531;469;159;617;127;478;230;481;482;430;335;485;515;541;369;527;494;170;576;501;504;299;459;509;510;283;520;609;594;529;371;601;562;556;243;451;542;544;545;602;565;550;551;552;316;555;220;530;561;548;160;574;500;577;578;405;71;502;585;586;588;589;590;377;595;50;597;619;506;368;603;606;31;274;610;612;461;215;471;620;492;628;308;334;635;583;637;22;640;211;421;644;646;648;176;106;539;1;351;245;512;454;153;249;185;251;466;253;254;616;256;257;258;259;260;261;630;385;264;265;388;214;631;269;559;130;272;273;346;275;276;277;657;458;280;246;282;495;284;285;54;287;288;659;290;27;292;93;493;34;296;161;298;330;340;521;229;297;231;232;233;567;184;236;125;238;239;437;347;598;573;350;464;342;655;227;289;431;575;394;121;414;333;332;639;417;329;622;327;326;165;324;348;16;321;320;242;318;317;94;633;314;313;126;344;45;571;345;20;306;522;119;518;538;511;391;26;381;593;625;608;446;212;43;44;467;51;489;196;235;164;58;312;295;67;581;587;419;315;278;293;383;91;90;375;592;654;11;9;262;4;2;135;35;361;360;359;627;432;356;92;187;353;294;392;311;507;649;651;653;537;656;331;660;661;662;486;
Melhor Alcançado;1000000.000000; Geração;808598384
Qtde de Entradas Recursivas;0; Qtde Execuções Recursivas;0; Qtde Execuções das Combinações;0



