Instância;./files/gr666.xml
Execução;25 / 25
Tamanho da Populaçap;200
Máximo de gerações;300
Mutação;6
Cruzamento;0
% Manpulação;30
% Mutação;2
Print Parcial;1
Ativa Recursivo;0
Percentual de Redução;78
Profundidade Máxima;100
Percentual de Eltismo;70
Seleção para Cruzamento;0
Forma de Seleção par Mutação;1

Geração 1 / 300:;Profundidade;0;Melhor;409467.000000;Pior;5180522.000000;Media;4345418.950000;Tempo;3549.000000
Geração 2 / 300:;Profundidade;0;Melhor;357669.000000;Pior;4844010.000000;Media;4248442.975000;Tempo;7055.000000
Geração 3 / 300:;Profundidade;0;Melhor;342777.000000;Pior;4819856.000000;Media;4127970.855000;Tempo;10569.000000
Geração 4 / 300:;Profundidade;0;Melhor;338904.000000;Pior;4793251.000000;Media;3974748.080000;Tempo;14069.000000
Geração 5 / 300:;Profundidade;0;Melhor;337623.000000;Pior;4735210.000000;Media;3840564.450000;Tempo;17570.000000
Temmpo de execução;17570.000000
melhor;337623.000000
Individuo;0;309;1;3;2;4;5;18;19;7;6;9;11;10;8;24;26;34;33;32;31;30;29;37;36;41;42;48;46;47;12;13;14;15;45;16;17;308;307;301;300;318;299;296;298;297;295;294;293;290;292;291;306;305;304;303;302;287;288;285;284;263;265;266;264;267;286;289;276;277;278;280;281;282;279;339;341;342;344;343;340;338;337;336;274;275;269;268;270;361;360;255;256;257;375;371;370;262;260;261;259;253;254;252;244;251;250;243;245;248;246;247;249;236;235;234;140;139;141;144;142;143;145;238;237;239;241;240;242;146;147;149;379;258;377;376;373;372;378;380;381;382;384;383;420;421;423;425;430;432;433;431;427;426;424;422;410;409;407;405;444;399;394;393;395;443;442;440;323;322;324;441;390;391;392;396;398;397;402;403;404;368;406;408;419;418;374;417;369;367;366;365;359;364;362;363;272;271;273;351;357;356;353;352;354;355;358;400;401;350;349;347;348;346;345;332;283;328;333;334;335;389;331;329;330;326;325;321;327;320;319;317;316;311;310;436;312;313;314;439;315;438;437;463;464;466;473;469;468;465;467;474;475;476;481;619;485;483;482;477;480;478;479;484;623;624;625;626;628;627;629;630;631;622;632;633;634;635;658;657;653;652;654;651;650;649;648;643;642;641;640;647;646;644;645;655;656;637;638;636;593;592;639;585;590;589;591;594;596;595;597;588;587;586;584;583;582;581;580;579;576;575;578;577;574;572;571;570;569;568;607;598;599;600;608;610;611;613;620;621;618;617;615;616;614;612;609;603;602;605;604;606;566;567;573;564;565;563;562;561;560;601;559;544;545;546;549;552;548;551;555;556;558;557;554;553;550;547;541;542;540;543;539;533;532;534;536;537;538;535;529;530;531;472;470;471;527;528;526;525;510;509;511;512;513;514;515;523;524;521;520;517;518;516;522;519;460;458;459;491;492;494;495;496;497;499;500;498;501;156;157;154;155;435;493;489;490;488;454;446;453;455;457;456;450;449;462;461;448;447;451;452;445;412;411;414;413;415;416;428;429;486;487;434;153;385;386;388;387;150;151;152;148;182;183;184;185;162;161;160;158;502;503;504;159;163;506;505;508;507;165;164;202;233;232;230;231;229;214;213;205;204;203;201;200;199;198;196;197;191;195;194;206;193;207;208;209;210;212;211;221;222;223;224;215;225;226;227;228;220;219;218;217;216;188;192;190;189;187;180;186;179;178;176;177;181;170;171;172;173;175;174;169;167;166;138;83;84;85;80;81;79;78;77;76;75;74;73;72;51;50;49;44;43;38;39;40;35;64;65;67;92;97;98;100;99;101;102;103;104;116;113;112;111;110;109;108;665;107;106;105;115;114;117;125;126;128;127;120;118;119;121;122;123;124;129;130;131;132;133;134;135;136;137;96;93;95;94;91;90;89;86;82;87;88;71;70;69;68;66;63;60;62;61;59;58;55;56;57;54;53;52;28;27;25;23;22;20;21;659;660;662;661;663;664;168;
Melhor Alcançado;337623.000000; Geração;5
Qtde de Entradas Recursivas;0; Qtde Execuções Recursivas;0; Qtde Execuções das Combinações;0



