Instância;./files/gr666.xml
Execução;9 / 25
Tamanho da Populaçap;200
Máximo de gerações;300
Mutação;6
Cruzamento;2
% Manpulação;30
% Mutação;2
Print Parcial;1
Ativa Recursivo;0
Percentual de Redução;78
Profundidade Máxima;100
Percentual de Eltismo;70
Seleção para Cruzamento;0
Forma de Seleção par Mutação;1

Geração 1 / 300:;Profundidade;0;Melhor;408067.000000;Pior;4710180.000000;Media;4340497.775000;Tempo;3530.000000
Geração 2 / 300:;Profundidade;0;Melhor;353553.000000;Pior;4651186.000000;Media;4228144.545000;Tempo;7002.000000
Geração 3 / 300:;Profundidade;0;Melhor;335354.000000;Pior;4592356.000000;Media;4066724.775000;Tempo;10466.000000
Geração 4 / 300:;Profundidade;0;Melhor;328620.000000;Pior;4557930.000000;Media;3859389.565000;Tempo;13929.000000
Geração 5 / 300:;Profundidade;0;Melhor;326991.000000;Pior;4516479.000000;Media;3660914.040000;Tempo;17297.000000
Temmpo de execução;17297.000000
melhor;326991.000000
Individuo;0;309;308;307;301;300;318;317;319;316;312;311;310;436;437;463;464;467;466;465;462;461;449;450;448;447;451;452;453;455;456;457;458;459;491;492;494;495;496;499;500;501;498;497;435;493;490;489;488;487;433;432;430;431;425;424;426;427;429;486;428;416;454;446;412;415;414;413;411;407;406;404;368;369;366;367;403;396;402;397;398;405;395;441;390;389;335;392;391;393;394;399;444;445;443;442;440;439;315;438;313;314;323;322;324;320;321;327;325;326;330;331;329;328;333;345;346;347;334;348;349;350;401;400;358;355;354;352;337;338;339;340;341;342;343;344;332;283;281;280;282;279;278;336;274;275;277;276;269;268;267;286;289;285;288;287;290;293;291;292;294;295;299;298;297;305;306;304;302;303;284;263;264;265;266;259;253;254;252;244;245;248;246;247;249;236;235;234;140;139;141;142;143;144;145;238;237;240;241;239;146;242;243;250;251;147;149;150;379;258;375;371;370;256;257;255;262;260;261;270;360;361;362;364;363;272;271;273;351;356;353;357;359;365;373;372;376;377;378;374;418;417;419;408;409;410;422;423;421;420;380;381;382;383;384;385;386;387;388;151;152;153;434;154;155;157;156;158;502;504;503;159;163;506;505;507;508;165;164;160;161;162;191;195;196;197;199;198;200;201;205;204;203;202;233;231;232;230;229;214;213;212;208;209;210;211;221;222;224;223;215;225;226;227;228;220;219;218;207;206;194;193;192;188;189;190;185;184;183;187;186;180;179;177;178;181;182;148;170;171;166;138;167;168;169;173;174;172;175;176;216;217;129;130;131;132;133;134;135;128;127;124;123;122;121;120;119;118;113;112;111;110;109;108;107;106;105;115;104;116;114;117;125;126;102;103;100;101;99;98;97;95;94;93;96;137;136;83;84;85;80;81;79;86;87;90;91;89;71;88;82;78;77;76;74;75;73;72;50;51;49;44;43;42;48;46;47;45;16;17;15;14;13;12;41;36;37;38;39;40;35;34;33;27;28;52;53;54;56;57;61;59;58;55;60;62;63;64;65;68;66;67;69;70;92;664;663;661;662;653;652;654;655;651;650;648;649;665;643;642;641;644;645;646;656;637;638;636;593;592;591;585;639;647;640;581;580;582;583;584;590;586;589;588;587;576;579;578;575;577;574;572;571;570;569;566;567;573;564;565;563;562;561;560;601;559;543;544;545;546;549;552;548;551;555;557;558;556;554;553;550;547;541;542;540;539;532;533;534;531;530;529;535;536;537;538;509;510;511;512;513;514;515;523;522;517;516;518;519;460;520;521;524;525;526;528;527;471;472;470;468;469;473;474;475;476;619;485;483;482;481;477;480;479;484;623;624;625;626;627;628;629;630;631;622;632;633;634;611;609;610;613;620;621;618;617;615;616;614;612;603;605;602;604;606;568;607;598;608;600;599;597;595;596;594;635;658;657;660;659;21;20;22;23;25;24;26;31;32;30;29;10;11;9;8;6;7;19;18;5;4;2;1;478;3;296;
Melhor Alcançado;326991.000000; Geração;5
Qtde de Entradas Recursivas;0; Qtde Execuções Recursivas;0; Qtde Execuções das Combinações;0



