Instância;./files/gr666.xml
Execução;6 / 25
Tamanho da Populaçap;200
Máximo de gerações;300
Mutação;6
Cruzamento;3
% Manpulação;30
% Mutação;2
Print Parcial;1
Ativa Recursivo;0
Percentual de Redução;78
Profundidade Máxima;100
Percentual de Eltismo;70
Seleção para Cruzamento;0
Forma de Seleção par Mutação;1

Geração 1 / 300:;Profundidade;0;Melhor;395285.000000;Pior;4819274.000000;Media;4372043.395000;Tempo;3475.000000
Geração 2 / 300:;Profundidade;0;Melhor;343647.000000;Pior;4857592.000000;Media;4321187.010000;Tempo;6875.000000
Geração 3 / 300:;Profundidade;0;Melhor;329047.000000;Pior;4747098.000000;Media;4233134.555000;Tempo;10286.000000
Geração 4 / 300:;Profundidade;0;Melhor;325353.000000;Pior;4743439.000000;Media;4152069.550000;Tempo;13709.000000
Geração 5 / 300:;Profundidade;0;Melhor;324659.000000;Pior;4807143.000000;Media;4041701.460000;Tempo;17135.000000
Temmpo de execução;17135.000000
melhor;324659.000000
Individuo;0;2;478;3;4;6;7;18;5;19;24;20;21;22;23;25;27;26;28;52;53;54;55;56;57;58;59;61;62;60;63;64;65;68;67;66;69;70;71;92;664;663;661;662;653;660;659;658;657;635;634;633;632;622;631;630;629;627;628;626;625;624;623;485;619;481;483;482;484;479;480;477;464;463;437;312;436;310;311;307;301;300;317;318;316;319;320;322;323;324;441;390;391;392;389;335;334;331;327;321;325;326;330;329;328;283;282;281;280;279;278;277;276;275;274;336;337;338;339;340;341;343;342;344;332;345;333;346;347;348;349;350;400;401;396;402;397;398;393;394;395;399;444;405;407;406;409;408;422;410;411;413;415;414;412;446;454;416;429;428;486;487;433;432;430;425;431;427;426;424;423;421;420;380;381;382;383;384;385;386;387;379;150;149;147;250;251;244;252;254;266;265;264;263;284;303;302;304;305;306;297;296;298;299;295;294;291;292;293;290;288;287;285;289;286;267;268;269;273;351;271;270;360;361;362;364;363;272;356;353;357;352;354;355;358;359;365;366;367;403;368;404;369;419;417;418;374;373;378;377;376;372;371;370;375;258;257;256;255;262;261;260;259;253;248;245;243;242;146;144;141;142;143;145;238;237;239;240;241;246;247;249;235;236;234;140;139;166;167;138;168;169;173;174;175;172;171;170;181;182;183;190;188;192;189;187;186;180;179;178;177;176;216;217;228;227;226;225;215;221;223;222;224;220;218;219;207;206;194;193;196;208;209;210;212;211;213;214;229;230;232;231;233;558;557;554;556;555;551;552;549;562;546;561;560;601;559;545;544;543;548;553;550;547;541;542;540;539;531;532;533;534;536;537;538;535;529;530;472;470;471;528;527;526;509;510;511;512;513;508;507;505;165;506;163;159;503;504;502;158;160;161;162;164;202;204;205;203;201;200;199;198;197;195;191;185;184;148;151;152;388;153;434;154;157;156;155;501;498;500;499;497;496;495;435;493;488;489;490;494;492;491;458;459;519;518;517;516;523;515;514;525;524;521;522;520;460;457;456;455;452;451;453;445;443;442;440;439;313;314;315;438;447;448;449;450;461;462;465;468;469;473;466;467;474;476;475;616;615;618;620;621;617;613;610;611;600;599;608;609;612;614;603;602;604;605;606;563;565;564;573;572;571;569;570;567;566;568;607;598;597;595;596;594;591;588;587;576;575;574;577;578;579;580;581;582;583;584;586;589;590;585;592;593;636;639;647;640;641;642;643;644;645;646;638;637;656;655;654;652;651;650;648;649;665;108;107;106;105;115;109;112;110;111;113;114;116;117;118;119;120;125;126;128;127;121;122;124;123;129;131;130;132;133;134;135;83;84;85;136;137;102;103;104;101;100;99;98;97;96;93;95;94;91;90;89;88;87;82;86;81;80;79;78;77;76;74;75;73;72;51;50;49;44;43;41;36;37;38;39;40;35;34;33;32;31;29;30;10;8;9;11;309;308;17;16;15;14;12;13;45;46;47;48;42;1;
Melhor Alcançado;324659.000000; Geração;5
Qtde de Entradas Recursivas;0; Qtde Execuções Recursivas;0; Qtde Execuções das Combinações;0



