Instância;files/gr666.xml
Execução;3 / 3
Tamanho da Populaçap;200
Máximo de gerações;300
Mutação;5
Cruzamento;5
% Manpulação;30
% Mutação;20
Print Parcial;1
Ativa Recursivo;0
Percentual de Redução;77
Profundidade Máxima;5
Percentual de Eltismo;70
Seleção para Cruzamento;0
Forma de Seleção par Mutação;1

Geração 1 / 300:;Profundidade;0;Melhor;4156010.000000;Pior;4882617.000000;Media;4439287.635000;Tempo;2327.000000
Geração 2 / 300:;Profundidade;0;Melhor;4117618.000000;Pior;4896919.000000;Media;4435710.680000;Tempo;4619.000000
Temmpo de execução;4619.000000
melhor;4117618.000000
Individuo;0;621;608;476;560;5;650;642;8;142;50;395;625;520;357;195;525;17;18;1;484;605;22;261;435;198;26;27;90;134;382;129;88;33;158;457;36;274;86;256;292;442;501;121;44;30;588;47;48;206;494;51;52;64;391;599;56;57;58;59;191;42;488;89;53;65;447;67;68;69;70;600;72;179;182;75;230;255;343;543;548;315;404;421;84;85;365;653;32;652;597;31;92;7;610;95;628;62;98;99;376;478;63;103;104;187;106;107;108;607;635;598;178;113;114;363;164;117;225;196;614;148;122;419;451;311;224;308;270;97;130;131;422;133;464;135;280;137;60;139;275;141;288;298;83;242;146;147;144;149;201;310;152;233;392;303;462;157;34;340;160;100;162;519;116;145;632;128;168;54;170;19;172;581;174;74;648;239;518;73;180;21;570;96;40;379;186;394;188;189;339;325;430;193;176;400;565;323;37;199;276;402;202;203;204;205;49;207;208;209;220;20;136;213;305;215;79;217;218;219;490;221;502;223;246;644;295;87;383;229;76;231;232;3;495;45;236;535;238;110;526;241;166;529;244;347;119;247;248;126;454;251;91;253;497;662;39;192;240;465;260;259;262;463;264;572;266;267;268;328;194;326;175;324;386;322;469;320;354;318;460;316;573;314;252;312;82;151;309;127;307;306;15;304;284;118;301;300;345;143;663;296;43;294;293;184;291;290;289;364;287;563;562;638;283;138;329;212;568;567;277;200;155;629;571;471;271;665;649;636;366;263;278;372;631;123;25;503;153;626;216;624;623;630;475;452;619;530;617;616;615;556;613;551;611;120;609;163;515;473;273;2;603;602;601;165;371;512;245;583;506;594;61;485;591;433;589;150;401;586;585;498;413;489;319;580;579;28;249;576;575;517;81;183;181;398;511;279;428;426;250;564;375;285;80;4;559;558;93;265;407;458;491;552;612;550;177;140;547;546;545;540;12;542;541;544;446;538;537;468;335;645;533;532;531;461;243;528;408;258;16;448;332;522;534;651;604;333;482;516;620;514;235;405;321;510;509;508;507;331;46;504;94;115;105;228;396;112;254;399;590;587;481;403;29;55;455;555;527;409;410;411;634;596;414;415;416;417;418;539;420;367;483;423;467;441;566;427;577;429;412;431;432;214;434;24;436;582;438;439;440;425;41;557;444;445;622;523;384;449;11;124;190;453;173;406;456;185;554;459;388;549;156;299;281;23;466;424;536;71;470;272;472;606;474;286;450;500;101;479;197;505;574;132;569;618;486;313;487;437;210;553;492;493;10;234;282;171;584;499;477;593;641;640;639;377;125;111;330;237;353;524;334;302;336;337;338;161;257;341;389;78;344;109;346;521;561;349;350;351;352;66;227;592;356;14;358;359;360;361;362;633;9;159;355;348;327;369;370;637;627;373;374;496;222;226;378;35;368;381;513;211;397;385;480;387;317;342;390;169;154;393;443;643;595;578;646;647;380;269;6;13;102;38;654;655;656;657;658;659;660;661;77;297;664;167;
Melhor Alcançado;1000000.000000; Geração;165729480
Qtde de Entradas Recursivas;0; Qtde Execuções Recursivas;0; Qtde Execuções das Combinações;0



