Instância;./files/gr666.xml
Execução;7 / 25
Tamanho da Populaçap;200
Máximo de gerações;300
Mutação;6
Cruzamento;5
% Manpulação;30
% Mutação;2
Print Parcial;1
Ativa Recursivo;0
Percentual de Redução;78
Profundidade Máxima;100
Percentual de Eltismo;70
Seleção para Cruzamento;0
Forma de Seleção par Mutação;1

Geração 1 / 300:;Profundidade;0;Melhor;413230.000000;Pior;4814394.000000;Media;4356392.120000;Tempo;3786.000000
Geração 2 / 300:;Profundidade;0;Melhor;352746.000000;Pior;4752362.000000;Media;4281256.510000;Tempo;7521.000000
Geração 3 / 300:;Profundidade;0;Melhor;334107.000000;Pior;4685075.000000;Media;4187803.285000;Tempo;11241.000000
Geração 4 / 300:;Profundidade;0;Melhor;331657.000000;Pior;4648478.000000;Media;4093844.245000;Tempo;14969.000000
Temmpo de execução;14969.000000
melhor;331657.000000
Individuo;0;309;308;17;16;45;15;14;13;12;47;46;48;42;41;43;38;32;31;37;36;30;29;10;11;8;9;6;7;19;18;5;4;3;2;1;478;479;480;477;464;463;461;462;465;466;467;474;475;476;481;483;482;484;623;624;625;626;628;627;629;630;622;631;632;633;611;610;613;621;618;619;485;620;617;616;615;614;612;609;607;598;569;570;568;567;566;606;605;604;603;602;601;560;545;544;559;543;548;547;550;553;554;556;557;558;555;551;552;549;546;561;562;563;565;564;573;572;571;574;577;575;578;576;579;587;588;589;586;581;580;582;583;584;590;585;592;591;594;595;596;597;599;608;600;634;635;636;593;639;647;640;641;642;643;644;645;646;638;637;656;657;658;659;20;21;22;23;25;27;26;24;28;52;53;54;35;40;34;33;39;44;49;50;51;78;77;76;74;75;73;72;65;64;55;56;57;61;58;59;60;62;63;66;68;67;69;70;92;97;98;96;95;94;93;90;89;91;71;88;87;82;86;81;79;80;85;84;83;135;134;133;132;131;130;129;124;122;121;123;128;127;125;126;136;137;102;103;101;99;100;104;116;117;120;119;118;111;112;110;109;113;114;115;105;106;107;108;217;216;220;218;219;221;211;214;213;212;210;209;208;204;205;203;201;200;197;198;199;196;207;206;193;194;195;191;190;189;192;188;187;180;186;179;178;177;176;171;172;175;174;173;169;168;167;138;166;139;140;234;236;249;263;264;265;266;267;286;289;285;284;287;288;290;293;294;292;291;304;302;303;306;305;296;297;298;295;299;300;301;307;317;318;320;319;316;311;310;436;437;312;438;439;315;313;314;323;322;324;440;442;443;447;448;449;450;457;458;459;491;492;518;522;516;517;519;460;520;524;521;527;528;530;471;472;470;468;473;469;531;534;533;532;539;540;542;541;536;537;538;535;529;526;509;510;511;512;525;523;515;514;513;502;503;504;159;158;156;155;157;154;153;434;487;486;488;493;494;495;497;496;498;501;500;499;435;489;490;454;455;456;451;452;453;445;412;446;416;428;429;415;414;413;411;444;399;395;394;393;441;390;391;392;396;402;397;398;405;407;408;421;420;380;381;382;383;384;425;430;432;433;431;427;426;424;423;422;410;409;406;404;368;403;401;350;346;345;332;344;342;343;341;339;340;338;337;336;279;274;273;351;271;269;268;276;277;275;278;280;281;282;283;328;333;329;330;326;325;321;327;331;389;335;334;347;348;349;400;367;366;369;419;417;418;374;373;372;376;378;377;258;375;371;365;359;358;355;354;352;353;356;357;272;363;364;362;270;361;360;261;260;262;370;257;256;255;252;254;259;253;248;245;247;246;235;237;241;240;239;238;145;143;142;141;144;146;242;243;244;251;250;147;149;150;379;387;386;385;388;151;152;148;170;181;182;183;185;184;162;161;160;163;506;505;507;508;165;164;202;233;231;232;230;229;215;222;223;224;225;226;227;228;665;649;648;650;651;655;654;652;653;662;661;663;664;660;
Melhor Alcançado;331657.000000; Geração;4
Qtde de Entradas Recursivas;0; Qtde Execuções Recursivas;0; Qtde Execuções das Combinações;0



