Instância;./files/gr666.xml
Execução;2 / 25
Tamanho da Populaçap;200
Máximo de gerações;300
Mutação;6
Cruzamento;4
% Manpulação;30
% Mutação;2
Print Parcial;1
Ativa Recursivo;0
Percentual de Redução;78
Profundidade Máxima;100
Percentual de Eltismo;70
Seleção para Cruzamento;0
Forma de Seleção par Mutação;1

Geração 1 / 300:;Profundidade;0;Melhor;422983.000000;Pior;4696925.000000;Media;4342804.250000;Tempo;3773.000000
Geração 2 / 300:;Profundidade;0;Melhor;371537.000000;Pior;4569411.000000;Media;4223147.455000;Tempo;7488.000000
Geração 3 / 300:;Profundidade;0;Melhor;353900.000000;Pior;4586947.000000;Media;4104653.105000;Tempo;11202.000000
Geração 4 / 300:;Profundidade;0;Melhor;349582.000000;Pior;4635406.000000;Media;3961072.045000;Tempo;14903.000000
Temmpo de execução;14903.000000
melhor;349582.000000
Individuo;0;309;308;11;10;8;9;7;6;19;5;18;20;21;22;23;25;24;26;27;28;52;53;57;54;56;55;60;59;58;61;62;63;64;65;66;67;68;69;92;70;71;88;87;82;86;90;91;89;93;94;95;96;97;98;99;100;101;137;136;84;83;85;81;79;80;78;77;76;75;74;73;72;51;50;49;44;40;35;34;33;39;38;32;31;30;29;36;37;43;41;42;48;47;46;12;13;15;14;45;16;17;307;301;300;299;296;298;297;305;306;302;303;304;291;292;295;294;293;290;289;267;286;285;288;287;284;263;265;264;266;268;269;273;351;271;270;261;260;259;253;254;252;245;244;251;250;243;242;147;146;144;142;141;143;145;238;237;239;240;241;246;247;248;249;236;235;234;140;139;166;167;168;138;169;173;174;175;172;171;176;178;177;179;180;186;182;181;170;148;184;185;183;187;189;188;192;190;191;197;198;199;200;205;204;203;201;202;233;232;231;230;229;215;225;226;228;227;224;221;222;223;211;212;214;213;210;209;208;196;195;194;193;206;207;219;218;220;216;217;130;131;132;133;134;135;129;128;127;124;123;122;121;120;118;119;117;125;126;102;103;104;116;113;114;115;105;106;109;112;111;110;108;107;664;663;661;662;653;660;659;658;657;656;655;654;652;651;650;648;649;643;642;641;644;645;646;647;640;585;592;593;639;636;638;637;635;634;633;632;622;621;620;618;617;613;611;610;608;600;599;598;607;568;570;569;597;595;596;594;591;587;588;589;586;590;584;583;582;581;580;579;576;575;578;577;574;571;572;573;565;566;567;564;563;562;561;546;549;548;552;551;555;556;558;557;554;553;550;547;541;534;533;531;532;539;540;542;543;544;545;559;560;601;606;604;605;602;603;609;612;614;615;616;475;474;476;481;619;485;631;630;629;627;628;626;625;624;623;484;483;482;479;3;4;2;1;478;480;477;464;466;467;473;469;468;465;462;461;463;437;436;310;311;312;438;315;313;314;439;440;442;443;445;455;453;452;451;447;448;449;450;456;457;458;459;460;521;520;519;518;517;516;522;523;515;514;524;525;526;528;527;471;470;472;530;529;535;536;537;538;509;510;511;512;513;508;507;505;506;165;164;163;161;162;160;159;503;504;502;158;156;155;157;154;153;152;388;386;385;387;150;151;149;379;258;257;255;256;375;371;370;262;360;361;362;364;363;272;356;357;365;359;358;355;354;353;352;345;332;344;343;341;342;340;339;337;338;336;274;275;276;277;278;279;282;281;280;283;328;333;346;347;348;349;350;401;400;367;366;369;419;417;418;374;373;372;376;378;377;380;381;382;383;384;420;408;409;410;422;421;423;425;424;426;427;431;430;432;433;434;487;486;429;428;416;415;414;413;411;407;405;406;404;368;403;402;398;397;396;392;389;335;334;331;329;330;326;325;321;327;320;319;318;317;316;322;323;324;441;390;391;393;395;394;399;444;412;446;454;488;490;489;493;435;499;501;500;498;496;497;495;494;492;491;665;
Melhor Alcançado;349582.000000; Geração;4
Qtde de Entradas Recursivas;0; Qtde Execuções Recursivas;0; Qtde Execuções das Combinações;0



