Instância;./files/gr666.xml
Execução;19 / 25
Tamanho da Populaçap;200
Máximo de gerações;300
Mutação;6
Cruzamento;0
% Manpulação;30
% Mutação;2
Print Parcial;1
Ativa Recursivo;0
Percentual de Redução;78
Profundidade Máxima;100
Percentual de Eltismo;70
Seleção para Cruzamento;0
Forma de Seleção par Mutação;1

Geração 1 / 300:;Profundidade;0;Melhor;410385.000000;Pior;4987494.000000;Media;4344911.510000;Tempo;3546.000000
Geração 2 / 300:;Profundidade;0;Melhor;354120.000000;Pior;4698362.000000;Media;4227016.430000;Tempo;7053.000000
Geração 3 / 300:;Profundidade;0;Melhor;337532.000000;Pior;4770782.000000;Media;4082833.490000;Tempo;10562.000000
Geração 4 / 300:;Profundidade;0;Melhor;332315.000000;Pior;4994738.000000;Media;3895820.785000;Tempo;14007.000000
Geração 5 / 300:;Profundidade;0;Melhor;329586.000000;Pior;4684402.000000;Media;3718716.055000;Tempo;17465.000000
Temmpo de execução;17465.000000
melhor;329586.000000
Individuo;0;1;3;2;4;6;7;19;18;5;21;20;22;23;25;27;26;24;28;52;53;54;55;56;57;61;58;59;60;62;63;66;67;70;69;68;65;64;72;73;50;51;49;44;40;35;34;33;39;43;41;42;48;47;46;13;45;16;17;15;14;12;36;37;38;32;31;30;29;10;8;9;11;309;308;307;301;300;299;296;298;297;305;306;303;302;304;291;292;294;295;293;290;288;287;284;263;249;236;235;234;140;139;166;168;167;138;169;173;174;172;171;175;176;177;178;179;180;186;187;190;192;189;188;216;217;665;107;108;110;111;112;113;109;106;105;115;114;116;104;102;103;101;100;99;98;97;94;96;137;126;125;117;118;120;119;121;122;123;124;128;127;129;130;131;132;134;133;135;136;83;84;85;86;81;80;79;78;77;76;74;75;82;87;88;71;89;90;91;93;95;92;664;663;661;662;660;659;658;657;656;655;654;652;653;651;649;648;650;643;641;642;644;645;646;638;637;635;636;593;639;647;640;585;592;591;590;589;586;584;583;582;580;581;579;578;574;577;575;576;587;588;594;595;596;597;599;600;608;598;607;568;569;570;572;573;567;566;565;564;563;606;605;604;602;603;614;612;609;610;611;634;633;631;632;622;621;620;617;613;616;615;618;619;485;628;630;629;627;626;625;624;623;484;479;478;480;477;482;483;481;476;475;474;467;466;464;463;437;436;310;311;312;313;314;439;315;438;440;442;443;395;399;444;405;407;411;413;414;415;428;416;412;445;452;451;447;448;450;449;461;462;465;468;473;469;470;471;472;530;531;532;533;534;541;542;540;539;543;545;544;559;560;601;561;562;546;549;552;548;551;555;558;557;556;554;553;550;547;538;537;536;535;529;527;528;526;524;521;520;460;519;518;517;522;516;515;514;523;525;510;509;511;512;513;502;504;503;159;506;505;508;507;165;202;203;205;204;201;164;163;160;161;162;158;156;157;154;155;500;501;498;499;497;496;495;494;435;493;489;490;492;491;459;458;457;456;455;453;446;454;488;486;429;427;426;431;487;434;153;433;432;430;424;425;423;420;421;422;410;409;406;408;419;417;418;374;378;377;376;372;373;365;359;366;367;369;404;368;403;402;398;397;393;394;441;390;391;392;396;401;400;358;355;354;357;356;353;352;345;333;334;347;348;346;349;350;335;389;331;321;327;324;323;322;316;318;317;319;320;325;326;330;329;328;283;281;280;282;279;278;277;275;274;336;337;340;344;332;342;343;341;339;338;273;351;271;272;364;363;362;361;360;262;370;371;375;256;257;255;260;261;270;269;268;276;286;289;285;267;264;265;266;259;253;254;248;247;246;245;252;244;251;250;243;242;240;241;237;145;144;141;142;143;238;239;146;147;149;151;150;379;258;380;381;382;383;384;385;387;386;388;152;148;170;181;182;183;184;185;191;195;193;194;206;207;196;197;200;199;198;208;209;210;212;213;214;211;222;223;221;219;218;220;228;227;226;224;225;215;229;230;232;231;233;571;
Melhor Alcançado;329586.000000; Geração;5
Qtde de Entradas Recursivas;0; Qtde Execuções Recursivas;0; Qtde Execuções das Combinações;0



