Instância;./files/gr666.xml
Execução;7 / 25
Tamanho da Populaçap;200
Máximo de gerações;300
Mutação;6
Cruzamento;3
% Manpulação;30
% Mutação;2
Print Parcial;1
Ativa Recursivo;0
Percentual de Redução;78
Profundidade Máxima;100
Percentual de Eltismo;70
Seleção para Cruzamento;0
Forma de Seleção par Mutação;1

Geração 1 / 300:;Profundidade;0;Melhor;409829.000000;Pior;4814256.000000;Media;4370670.010000;Tempo;3466.000000
Geração 2 / 300:;Profundidade;0;Melhor;358761.000000;Pior;4902043.000000;Media;4298911.005000;Tempo;6836.000000
Geração 3 / 300:;Profundidade;0;Melhor;342358.000000;Pior;4752462.000000;Media;4215015.100000;Tempo;10247.000000
Geração 4 / 300:;Profundidade;0;Melhor;338802.000000;Pior;4689975.000000;Media;4092701.675000;Tempo;13670.000000
Geração 5 / 300:;Profundidade;0;Melhor;336744.000000;Pior;4780438.000000;Media;3983437.740000;Tempo;17084.000000
Temmpo de execução;17084.000000
melhor;336744.000000
Individuo;0;309;308;307;301;300;299;298;296;297;306;303;302;304;305;295;294;293;291;292;290;289;276;268;267;286;285;288;287;284;263;264;265;266;259;253;254;252;244;255;257;256;258;379;149;147;146;242;250;251;243;245;246;248;247;249;236;235;241;239;240;237;238;145;143;142;144;141;139;140;234;17;16;15;14;12;13;45;46;47;48;42;41;37;36;30;29;10;8;9;7;6;11;1;2;3;4;5;18;19;24;20;21;22;23;25;27;26;28;52;53;56;57;61;62;64;65;69;68;67;66;63;60;59;58;55;54;35;34;33;32;31;38;43;39;40;44;49;50;51;72;73;75;76;74;77;78;79;80;81;82;86;87;88;71;70;92;95;94;93;91;89;90;96;97;98;99;100;101;102;103;104;116;117;118;119;120;121;122;124;123;128;127;125;126;137;136;85;84;83;135;133;134;132;130;131;129;217;216;188;192;190;189;187;186;180;179;178;177;176;175;174;173;169;168;167;138;166;172;171;170;181;182;183;184;185;148;152;151;150;387;386;388;385;153;434;433;487;486;429;428;416;415;427;426;424;425;431;432;430;384;383;382;381;380;378;377;376;373;372;371;375;370;262;260;261;360;361;362;364;363;272;356;351;273;271;270;269;275;277;278;280;281;282;279;274;336;339;337;338;340;341;343;342;344;332;283;328;333;329;330;326;325;321;327;331;389;335;334;345;346;348;347;349;350;401;400;358;355;354;352;353;357;365;359;366;367;369;404;368;403;402;396;392;391;390;441;394;393;397;398;405;406;408;419;418;374;417;420;423;421;422;410;409;407;411;413;414;412;445;444;399;395;443;440;439;315;313;314;323;324;322;320;319;318;317;316;311;310;436;437;312;438;447;451;448;449;450;457;456;455;452;453;446;454;488;493;435;155;154;157;156;501;498;500;499;497;496;495;494;489;490;491;492;518;516;522;517;519;459;458;460;520;521;524;514;515;523;525;526;509;510;512;511;513;502;158;159;503;504;506;505;508;507;165;164;163;160;161;162;191;197;200;198;199;201;202;203;204;205;213;214;211;212;210;209;208;196;195;193;194;206;207;218;219;220;228;227;226;225;224;222;221;223;215;229;230;231;232;233;558;555;556;557;554;553;551;552;549;546;561;562;563;560;601;559;544;545;543;548;550;547;541;542;540;539;532;531;533;530;534;536;538;537;535;529;528;527;471;472;470;469;473;468;465;462;461;463;464;466;467;474;475;476;477;480;478;479;484;623;482;483;481;619;485;624;625;626;628;629;630;627;631;622;632;633;634;600;599;608;611;610;613;617;621;620;618;615;616;614;612;609;603;602;604;605;606;568;567;566;565;564;573;572;571;570;569;607;598;597;596;595;594;591;590;586;589;588;587;576;575;577;574;578;579;581;580;582;583;584;585;592;593;639;636;635;657;658;659;660;661;663;662;653;652;654;655;656;637;638;646;647;640;641;642;643;645;644;651;650;649;648;665;107;108;109;110;111;112;113;114;115;105;106;664;442;
Melhor Alcançado;336744.000000; Geração;5
Qtde de Entradas Recursivas;0; Qtde Execuções Recursivas;0; Qtde Execuções das Combinações;0



