Instância;./files/gr666.xml
Execução;11 / 25
Tamanho da Populaçap;200
Máximo de gerações;300
Mutação;6
Cruzamento;2
% Manpulação;30
% Mutação;2
Print Parcial;1
Ativa Recursivo;0
Percentual de Redução;78
Profundidade Máxima;100
Percentual de Eltismo;70
Seleção para Cruzamento;0
Forma de Seleção par Mutação;1

Geração 1 / 300:;Profundidade;0;Melhor;412022.000000;Pior;4706379.000000;Media;4369918.770000;Tempo;3507.000000
Geração 2 / 300:;Profundidade;0;Melhor;351066.000000;Pior;4746512.000000;Media;4287432.600000;Tempo;6953.000000
Geração 3 / 300:;Profundidade;0;Melhor;340452.000000;Pior;4621598.000000;Media;4167100.160000;Tempo;10448.000000
Geração 4 / 300:;Profundidade;0;Melhor;337506.000000;Pior;4788625.000000;Media;4011710.340000;Tempo;13894.000000
Geração 5 / 300:;Profundidade;0;Melhor;335315.000000;Pior;4633821.000000;Media;3846874.220000;Tempo;17274.000000
Temmpo de execução;17274.000000
melhor;335315.000000
Individuo;0;309;308;307;301;300;299;317;318;319;316;311;310;436;312;437;463;464;462;461;449;450;448;451;447;438;439;315;313;314;323;322;320;325;326;330;329;328;333;345;346;334;347;348;349;350;401;400;358;366;365;359;355;354;352;337;338;339;341;342;343;340;344;332;283;282;281;280;279;278;276;277;275;274;336;273;351;353;357;356;272;363;364;362;361;360;262;370;371;375;258;256;257;255;260;261;270;271;269;268;267;289;286;285;288;287;290;291;292;293;294;295;296;298;297;306;305;304;303;302;284;263;264;265;266;259;253;248;246;247;249;236;235;234;140;139;141;142;143;144;145;238;237;241;240;239;146;242;243;245;254;252;244;251;250;147;149;150;379;387;386;385;388;151;152;153;434;487;433;431;432;430;425;424;426;427;486;429;428;415;416;454;446;412;414;413;411;407;409;410;422;408;421;420;423;383;384;382;381;380;378;377;376;372;373;374;417;418;419;369;367;368;404;406;405;444;399;394;395;441;390;391;393;398;397;402;403;396;392;389;335;331;321;327;324;440;442;443;445;452;453;455;456;457;460;458;459;491;490;488;489;493;435;155;157;154;156;498;501;500;499;496;497;495;494;492;518;519;520;521;524;522;517;516;523;515;514;525;526;509;510;511;512;513;506;505;165;507;508;233;232;231;230;229;215;225;228;227;226;224;222;223;221;211;214;213;212;210;209;208;196;197;198;199;200;201;203;205;204;202;164;163;159;504;503;502;158;160;161;162;185;184;183;148;170;182;181;171;166;138;167;168;169;173;174;175;172;176;177;178;179;186;180;187;189;188;192;190;191;195;193;194;206;207;218;219;220;216;217;665;107;108;110;111;113;112;109;106;115;105;114;116;104;103;101;100;99;98;97;95;92;69;70;71;89;90;91;93;94;96;136;137;102;126;125;117;118;120;119;121;122;123;124;128;127;129;130;131;132;133;134;135;83;84;85;80;79;81;86;88;87;82;78;77;76;74;75;73;72;51;50;49;44;39;32;31;26;24;23;21;20;22;25;27;28;52;53;57;56;55;60;58;59;61;62;63;66;67;68;65;64;40;54;35;34;33;38;43;41;42;48;46;47;45;17;16;15;14;13;12;37;36;30;29;10;11;9;8;6;7;19;18;5;4;2;3;1;478;480;479;477;476;475;474;467;466;465;468;473;469;472;470;471;527;528;529;535;530;531;533;532;534;536;538;537;541;547;550;553;554;557;558;556;555;551;552;548;542;540;539;543;544;545;559;560;549;546;561;562;563;564;565;573;567;566;568;606;605;604;602;603;614;612;609;610;611;613;615;616;617;621;620;618;485;619;481;482;483;484;623;624;625;626;628;627;629;630;631;632;622;633;634;635;658;657;656;637;636;592;593;591;594;596;595;597;599;600;608;598;607;569;570;571;572;574;577;575;576;578;579;580;581;582;583;584;586;587;588;589;590;585;639;640;647;638;646;645;644;641;642;643;648;649;650;651;655;654;652;653;659;660;662;661;663;664;601;
Melhor Alcançado;335315.000000; Geração;5
Qtde de Entradas Recursivas;0; Qtde Execuções Recursivas;0; Qtde Execuções das Combinações;0



