Instância;files/gr666.xml
Execução;2 / 3
Tamanho da Populaçap;200
Máximo de gerações;300
Mutação;5
Cruzamento;13
% Manpulação;30
% Mutação;20
Print Parcial;1
Ativa Recursivo;0
Percentual de Redução;77
Profundidade Máxima;5
Percentual de Eltismo;70
Seleção para Cruzamento;0
Forma de Seleção par Mutação;1

Geração 1 / 300:;Profundidade;0;Melhor;4138589.000000;Pior;5045792.000000;Media;4531155.690000;Tempo;2395.000000
Geração 2 / 300:;Profundidade;0;Melhor;4099463.000000;Pior;5137600.000000;Media;4549116.815000;Tempo;4731.000000
Temmpo de execução;4731.000000
melhor;4099463.000000
Individuo;0;1;363;59;4;5;617;289;168;263;513;494;124;425;14;94;364;551;456;19;17;21;575;148;50;221;26;249;42;348;90;31;32;184;178;35;36;37;123;39;282;107;420;9;44;230;190;182;48;49;595;111;52;343;326;55;188;64;58;313;60;61;62;63;57;380;581;135;68;421;70;623;170;319;361;665;76;77;601;79;80;81;125;174;84;438;86;342;128;89;137;91;482;419;491;95;531;97;98;99;645;101;102;354;53;105;103;41;166;405;385;593;432;113;16;627;43;401;376;649;648;119;120;121;122;284;366;47;359;625;150;129;130;509;132;584;455;544;136;445;507;139;140;141;321;143;379;437;82;147;248;149;381;117;152;153;154;155;327;416;407;165;160;223;100;197;164;539;317;167;7;27;72;25;177;38;83;175;496;172;22;13;180;181;409;183;276;185;151;583;146;189;244;558;54;193;194;67;196;163;186;297;200;269;202;203;204;205;206;207;460;528;451;87;212;288;214;567;45;217;218;594;301;241;222;492;224;464;226;308;582;229;255;622;232;233;618;413;236;237;473;371;571;450;537;243;46;245;344;490;562;616;211;285;422;198;254;346;93;257;208;320;78;261;262;116;259;265;266;267;134;201;270;271;272;273;274;424;316;277;573;279;647;576;85;347;6;251;286;29;560;523;290;231;51;293;294;295;296;302;298;355;300;287;570;127;304;474;515;307;462;663;586;311;566;621;312;225;541;108;318;374;69;115;126;250;192;239;475;156;247;610;612;486;453;517;334;335;253;195;452;332;340;341;169;415;512;345;418;638;310;349;350;351;458;353;557;664;500;357;384;322;360;74;362;377;611;256;12;367;368;498;370;144;514;489;73;375;191;2;378;390;65;388;88;383;358;110;386;365;502;389;325;391;328;393;470;650;396;397;398;399;400;246;402;403;404;109;646;545;408;554;410;637;589;104;159;40;187;417;546;56;299;264;330;423;162;179;426;427;428;199;430;559;112;433;114;106;587;242;585;133;157;394;66;580;579;392;577;352;213;24;278;572;240;429;485;568;324;615;565;564;563;457;323;406;442;118;414;434;555;8;553;227;228;550;549;548;216;11;435;337;543;542;624;540;656;306;447;536;535;534;533;532;96;530;529;209;527;526;525;524;339;522;588;520;519;275;372;331;538;436;356;161;511;510;131;508;235;506;505;483;503;329;501;10;411;444;497;176;495;439;219;459;15;281;373;488;487;655;238;484;504;309;481;480;479;552;477;476;314;472;33;305;471;443;469;468;449;466;465;516;631;315;461;138;336;171;23;18;268;454;387;338;210;382;467;448;220;446;34;590;614;431;441;440;303;258;547;333;608;607;606;605;626;603;602;291;518;599;598;597;596;574;493;478;592;591;369;412;252;609;561;556;158;613;639;629;283;145;234;619;620;3;260;71;292;173;604;142;628;215;630;463;632;633;634;635;636;499;578;20;640;641;642;643;30;600;569;280;395;651;652;653;654;644;521;657;658;659;660;661;662;92;28;75;
Melhor Alcançado;1000000.000000; Geração;33
Qtde de Entradas Recursivas;0; Qtde Execuções Recursivas;0; Qtde Execuções das Combinações;0



