Instância;./files/gr666.xml
Execução;5 / 25
Tamanho da Populaçap;200
Máximo de gerações;300
Mutação;6
Cruzamento;3
% Manpulação;30
% Mutação;2
Print Parcial;1
Ativa Recursivo;0
Percentual de Redução;78
Profundidade Máxima;100
Percentual de Eltismo;70
Seleção para Cruzamento;0
Forma de Seleção par Mutação;1

Geração 1 / 300:;Profundidade;0;Melhor;415351.000000;Pior;4748962.000000;Media;4370650.515000;Tempo;3791.000000
Geração 2 / 300:;Profundidade;0;Melhor;357422.000000;Pior;4799099.000000;Media;4293049.465000;Tempo;7274.000000
Geração 3 / 300:;Profundidade;0;Melhor;342164.000000;Pior;4791703.000000;Media;4225309.760000;Tempo;10695.000000
Geração 4 / 300:;Profundidade;0;Melhor;339913.000000;Pior;4727189.000000;Media;4156887.200000;Tempo;14140.000000
Geração 5 / 300:;Profundidade;0;Melhor;339383.000000;Pior;4739852.000000;Media;4053145.655000;Tempo;17573.000000
Temmpo de execução;17573.000000
melhor;339383.000000
Individuo;0;309;308;307;301;300;318;317;316;311;310;312;436;437;463;464;477;476;481;482;483;623;484;479;480;478;1;3;2;4;5;18;19;7;6;9;8;11;10;29;30;31;32;33;34;27;26;24;20;21;22;23;25;28;52;53;56;57;61;62;60;59;58;55;54;35;40;39;38;37;36;12;13;14;15;17;16;45;46;47;48;42;41;43;44;49;50;72;73;51;74;75;76;77;78;82;87;88;71;70;69;68;67;65;64;63;66;92;95;94;93;91;90;89;86;81;80;79;85;84;83;133;129;130;131;132;134;135;136;137;96;97;98;99;100;101;104;103;126;125;127;128;123;124;122;121;120;119;118;117;116;114;113;111;112;110;109;115;105;106;107;108;665;643;642;641;640;647;646;645;644;648;650;649;651;655;654;652;653;662;661;664;663;660;659;658;657;637;656;638;639;585;590;589;587;588;586;583;584;582;581;580;579;576;575;578;577;574;571;572;570;569;568;566;567;573;564;565;563;561;546;562;549;552;548;551;555;558;557;556;554;553;550;547;541;542;539;540;543;544;545;559;560;601;606;604;605;602;603;614;612;609;610;611;613;620;621;622;631;633;632;634;600;608;598;607;599;597;596;595;594;591;592;593;636;635;630;629;628;627;626;625;624;485;619;618;617;615;616;475;474;467;466;465;468;473;469;470;471;472;530;531;532;533;534;529;535;536;537;538;509;510;511;512;525;526;528;527;524;521;520;460;457;450;449;462;461;448;447;452;451;456;455;453;445;443;395;442;440;439;438;315;313;314;324;323;322;319;320;325;326;327;321;331;330;329;328;283;333;334;335;389;392;390;441;391;393;394;399;444;405;407;411;413;414;412;446;454;490;488;489;493;494;435;497;498;501;158;156;157;154;155;500;499;496;495;518;492;491;458;459;519;517;516;522;523;515;514;513;502;503;504;159;160;161;162;191;185;184;183;182;181;177;178;179;180;186;187;188;192;189;190;195;194;193;206;207;196;197;198;199;200;205;204;203;201;164;165;163;506;505;508;507;202;233;232;231;230;229;214;213;212;208;209;210;211;221;224;222;223;215;225;226;227;228;218;220;219;217;216;176;175;174;173;172;171;170;148;146;147;149;379;150;151;152;388;387;386;385;153;434;487;486;429;428;416;415;427;426;424;431;433;432;430;425;421;420;423;384;383;382;381;380;258;375;371;372;376;377;378;373;365;359;358;400;366;367;369;417;374;418;419;408;422;409;410;406;404;368;403;402;398;397;396;401;350;349;347;348;346;345;332;344;341;343;342;340;339;337;338;336;274;279;282;281;280;278;275;277;276;267;286;289;285;288;287;290;292;291;293;294;295;299;298;296;297;306;305;304;303;302;284;263;265;264;266;268;269;273;351;271;272;356;353;352;354;355;357;363;364;362;270;361;360;261;260;262;370;256;257;255;252;245;248;253;259;254;244;251;250;242;243;246;247;249;236;235;238;237;241;240;239;145;144;143;142;141;139;140;234;138;169;168;167;166;102;
Melhor Alcançado;339383.000000; Geração;5
Qtde de Entradas Recursivas;0; Qtde Execuções Recursivas;0; Qtde Execuções das Combinações;0



