Instância;./files/gr666.xml
Execução;8 / 25
Tamanho da Populaçap;200
Máximo de gerações;300
Mutação;6
Cruzamento;5
% Manpulação;30
% Mutação;2
Print Parcial;1
Ativa Recursivo;0
Percentual de Redução;78
Profundidade Máxima;100
Percentual de Eltismo;70
Seleção para Cruzamento;0
Forma de Seleção par Mutação;1

Geração 1 / 300:;Profundidade;0;Melhor;402970.000000;Pior;4682050.000000;Media;4364400.890000;Tempo;3785.000000
Geração 2 / 300:;Profundidade;0;Melhor;352678.000000;Pior;4752141.000000;Media;4278724.350000;Tempo;7511.000000
Geração 3 / 300:;Profundidade;0;Melhor;337948.000000;Pior;4784957.000000;Media;4201971.785000;Tempo;11246.000000
Geração 4 / 300:;Profundidade;0;Melhor;334215.000000;Pior;4758801.000000;Media;4134889.765000;Tempo;14968.000000
Temmpo de execução;14968.000000
melhor;334215.000000
Individuo;0;309;308;11;10;8;9;7;6;19;5;18;4;2;3;1;478;479;480;477;481;483;482;484;623;624;485;619;618;616;614;612;615;613;617;620;621;622;633;632;631;630;629;627;628;625;626;635;658;657;656;637;636;638;646;645;655;654;652;653;651;650;648;649;665;643;642;644;641;640;647;639;593;592;585;590;586;584;583;582;581;580;579;578;575;577;574;576;587;588;589;591;594;595;596;597;598;607;599;608;600;634;611;610;609;603;602;604;606;568;566;565;567;569;570;571;572;573;564;563;561;562;546;549;552;545;560;601;559;544;543;548;551;555;558;557;556;554;553;550;547;542;541;540;539;531;532;533;534;538;537;536;535;529;530;472;471;470;469;468;465;466;473;475;476;474;467;464;463;462;461;448;449;450;457;456;455;453;452;451;447;445;444;399;394;393;391;390;441;395;443;442;440;324;322;323;314;439;315;438;313;312;437;436;310;311;316;319;320;318;317;300;301;307;234;17;16;45;15;14;13;12;47;46;48;42;41;43;37;36;29;30;31;32;38;39;33;34;54;35;40;44;49;50;51;73;72;64;65;69;68;67;66;63;62;60;61;59;58;55;56;57;53;52;28;25;27;26;24;23;22;20;21;659;660;662;661;663;664;92;95;97;98;100;99;101;102;103;104;116;114;115;105;106;107;108;109;110;112;113;111;117;125;126;137;96;94;93;91;90;89;71;70;88;87;86;82;75;74;76;77;78;79;80;81;136;85;84;83;135;134;133;132;131;130;129;128;127;124;123;122;121;120;119;118;217;216;176;177;178;179;186;180;187;183;184;185;190;189;188;192;193;194;195;191;162;161;160;163;506;505;507;165;164;201;203;204;205;200;199;198;197;196;206;207;219;218;220;228;227;226;225;215;224;222;223;221;211;212;210;209;208;213;214;229;230;232;231;233;202;508;511;512;510;509;526;528;527;521;520;460;458;459;519;518;516;517;522;524;525;523;515;514;513;502;503;504;159;158;154;157;156;155;500;498;501;499;496;495;497;435;493;494;492;491;490;489;488;486;487;434;153;386;385;387;388;152;148;182;181;170;171;172;175;173;174;169;168;138;167;166;139;140;141;142;143;144;145;238;237;241;239;240;146;242;243;246;235;236;249;247;248;245;252;244;250;251;147;149;151;150;379;258;375;256;257;255;370;371;372;373;376;377;378;380;381;382;384;383;430;432;433;431;425;424;426;427;429;428;416;454;446;412;415;414;413;411;407;405;398;397;402;396;392;389;335;331;321;327;325;326;330;329;328;283;279;280;282;281;278;275;277;276;269;268;267;286;289;285;287;288;290;292;291;293;294;295;296;298;299;297;305;306;304;302;303;284;263;264;265;253;254;259;266;270;261;260;262;360;361;362;363;364;365;359;366;367;358;355;354;352;353;357;356;272;271;351;273;274;336;338;337;339;341;340;342;343;344;332;333;345;346;334;347;348;350;349;400;401;403;404;368;369;417;374;418;419;420;423;421;408;406;409;410;422;605;
Melhor Alcançado;334215.000000; Geração;4
Qtde de Entradas Recursivas;0; Qtde Execuções Recursivas;0; Qtde Execuções das Combinações;0



