Instância;./files/gr666.xml
Execução;22 / 25
Tamanho da Populaçap;200
Máximo de gerações;300
Mutação;6
Cruzamento;2
% Manpulação;30
% Mutação;2
Print Parcial;1
Ativa Recursivo;0
Percentual de Redução;78
Profundidade Máxima;100
Percentual de Eltismo;70
Seleção para Cruzamento;0
Forma de Seleção par Mutação;1

Geração 1 / 300:;Profundidade;0;Melhor;408987.000000;Pior;4686212.000000;Media;4358967.565000;Tempo;3479.000000
Geração 2 / 300:;Profundidade;0;Melhor;349763.000000;Pior;4635449.000000;Media;4251397.205000;Tempo;6915.000000
Geração 3 / 300:;Profundidade;0;Melhor;332872.000000;Pior;4640447.000000;Media;4141359.840000;Tempo;10340.000000
Geração 4 / 300:;Profundidade;0;Melhor;330023.000000;Pior;4649851.000000;Media;4011104.350000;Tempo;13755.000000
Geração 5 / 300:;Profundidade;0;Melhor;327147.000000;Pior;4575754.000000;Media;3830894.170000;Tempo;17208.000000
Temmpo de execução;17208.000000
melhor;327147.000000
Individuo;0;309;308;17;16;45;14;15;13;12;41;42;48;47;46;43;38;37;36;30;29;10;11;9;8;6;7;19;18;5;4;2;3;1;478;479;480;477;464;463;462;461;449;450;457;456;455;453;452;445;443;442;440;439;315;438;447;451;448;437;436;310;311;312;313;314;323;324;322;319;316;317;318;300;301;307;306;305;297;298;296;299;295;294;293;290;292;291;304;302;303;284;287;288;285;289;286;267;263;264;265;266;253;259;260;261;262;360;361;270;362;363;364;371;370;255;256;257;375;378;377;376;372;373;374;417;418;420;423;421;410;422;409;406;408;419;369;368;404;403;402;398;393;396;401;400;349;350;348;347;346;345;332;344;343;341;342;340;339;338;337;352;354;355;358;367;366;359;365;357;356;353;272;351;271;273;269;268;276;277;275;278;274;336;279;280;282;281;283;328;329;331;321;327;320;325;326;330;333;334;335;389;392;391;390;441;395;394;399;444;405;407;411;413;414;412;446;454;416;415;428;486;429;427;426;424;425;432;433;487;431;430;383;384;382;381;380;258;379;151;388;386;385;387;150;149;147;146;144;142;141;143;145;238;237;241;240;239;242;243;250;251;244;252;254;245;246;247;248;249;236;235;234;140;139;166;167;168;138;131;130;129;132;133;134;135;84;83;85;81;80;79;78;77;74;76;75;73;72;51;50;49;44;39;40;35;34;33;32;31;26;24;20;21;22;23;25;27;28;52;53;54;57;56;55;60;59;58;61;62;63;64;65;68;66;67;69;70;71;88;82;86;87;89;90;91;96;98;97;94;93;95;92;664;663;661;662;659;660;653;652;654;655;651;650;649;648;665;107;108;109;112;111;110;113;114;105;106;115;116;104;100;99;101;103;102;137;136;126;125;127;128;123;124;122;121;120;118;117;119;217;216;220;218;219;228;227;226;224;221;223;222;225;215;214;229;232;230;231;233;202;164;165;505;508;507;506;163;159;503;504;502;158;160;161;162;191;195;196;197;199;198;200;201;204;203;205;213;212;211;210;209;208;207;206;193;194;192;188;189;190;185;184;183;187;180;186;179;177;178;176;175;173;169;174;172;171;170;181;182;148;152;153;434;154;157;156;155;501;498;500;499;497;496;495;494;493;435;488;489;490;492;491;518;516;522;517;519;459;458;460;520;521;524;514;523;515;513;512;511;525;510;509;526;528;527;471;470;472;530;531;532;533;534;529;535;536;538;537;547;541;542;540;539;543;545;544;559;560;601;473;469;468;465;466;467;476;474;475;614;616;615;617;618;619;481;483;482;484;623;485;624;625;626;628;627;629;630;631;633;632;622;621;620;613;610;611;634;635;658;657;656;637;636;638;646;645;644;642;643;641;640;647;639;585;593;592;591;594;595;596;597;599;600;608;598;607;609;612;603;602;604;605;606;568;569;570;571;587;588;589;586;590;584;583;582;580;581;579;576;575;578;577;574;572;573;567;566;565;564;563;561;562;546;549;552;555;556;558;557;554;553;550;548;551;397;
Melhor Alcançado;327147.000000; Geração;5
Qtde de Entradas Recursivas;0; Qtde Execuções Recursivas;0; Qtde Execuções das Combinações;0



