Instância;files/gr666.xml
Execução;3 / 3
Tamanho da Populaçap;200
Máximo de gerações;300
Mutação;5
Cruzamento;8
% Manpulação;30
% Mutação;20
Print Parcial;1
Ativa Recursivo;0
Percentual de Redução;77
Profundidade Máxima;5
Percentual de Eltismo;70
Seleção para Cruzamento;0
Forma de Seleção par Mutação;1

Geração 1 / 300:;Profundidade;0;Melhor;4190878.000000;Pior;4699323.000000;Media;4437834.470000;Tempo;2333.000000
Geração 2 / 300:;Profundidade;0;Melhor;4151039.000000;Pior;4925265.000000;Media;4453244.665000;Tempo;4628.000000
Temmpo de execução;4628.000000
melhor;4151039.000000
Individuo;0;646;358;504;4;5;350;180;616;378;10;474;12;13;14;124;49;17;485;628;20;21;104;289;24;156;26;27;28;29;360;203;32;106;456;84;120;37;356;39;40;41;42;43;44;33;46;288;643;172;255;432;595;63;637;108;56;57;58;59;54;61;505;1;152;65;459;134;420;69;70;71;72;602;15;75;589;77;78;79;80;81;581;83;334;85;86;87;219;214;139;91;380;125;94;577;366;9;73;99;8;659;592;90;22;510;417;519;566;109;110;362;202;551;114;116;115;117;640;119;262;121;620;244;629;299;365;127;112;384;600;220;254;227;437;25;98;281;6;609;606;402;212;23;614;419;11;232;279;347;122;88;165;623;624;625;626;487;129;332;256;339;554;633;229;635;636;146;276;463;228;603;379;426;644;627;53;647;323;195;650;484;652;295;206;655;656;638;19;130;536;132;133;639;611;305;137;653;103;404;141;300;560;144;492;423;147;396;149;490;194;509;338;446;150;605;440;563;410;153;582;517;540;367;622;166;516;596;257;170;171;16;145;174;320;353;177;178;462;482;181;427;183;264;95;186;314;188;344;190;30;439;162;45;265;293;197;543;199;200;371;236;597;575;205;599;207;322;209;76;316;612;201;191;273;216;217;157;660;221;532;351;160;224;225;226;303;346;634;230;231;136;233;234;235;598;237;284;239;240;241;187;565;564;443;246;247;248;249;250;169;252;253;102;632;630;251;258;259;260;261;343;269;184;330;196;267;268;263;270;271;550;545;651;275;280;368;278;388;128;607;282;613;520;285;286;287;47;544;290;291;292;397;294;138;296;107;298;93;142;52;604;641;304;159;578;307;308;113;310;34;297;274;309;48;211;361;318;319;568;610;208;412;324;325;470;327;302;329;447;448;449;450;348;452;453;454;468;522;444;375;66;51;31;179;154;464;465;534;467;158;469;359;168;74;617;381;215;476;428;478;479;418;321;148;433;665;18;486;561;524;489;222;385;341;373;494;495;496;401;498;499;392;501;502;182;131;455;506;507;508;64;457;511;512;513;312;515;619;631;518;475;238;413;389;552;488;525;526;527;155;529;648;657;601;533;272;337;3;67;538;539;458;541;50;123;431;189;546;547;548;621;62;60;472;553;542;555;414;557;558;7;143;549;411;328;198;243;55;409;514;569;570;571;383;573;574;204;576;523;654;579;580;82;175;583;584;585;586;587;588;210;590;591;317;593;594;618;537;461;266;376;101;100;445;111;483;442;441;218;192;438;68;436;435;434;331;460;497;491;429;477;92;315;425;424;245;422;421;185;663;306;151;313;415;556;521;530;562;283;567;408;407;406;405;140;403;135;342;393;340;398;531;105;395;394;400;500;391;390;173;311;387;473;559;480;572;382;471;242;363;223;661;658;386;374;493;372;213;370;369;466;164;96;642;364;126;430;163;481;399;2;357;38;355;354;176;352;528;608;503;451;167;326;345;349;36;161;301;193;118;97;535;336;335;35;333;416;89;649;645;377;662;615;664;277;
Melhor Alcançado;1000000.000000; Geração;140657864
Qtde de Entradas Recursivas;0; Qtde Execuções Recursivas;0; Qtde Execuções das Combinações;0



