Instância;./files/gr666.xml
Execução;18 / 25
Tamanho da Populaçap;200
Máximo de gerações;300
Mutação;6
Cruzamento;3
% Manpulação;30
% Mutação;2
Print Parcial;1
Ativa Recursivo;0
Percentual de Redução;78
Profundidade Máxima;100
Percentual de Eltismo;70
Seleção para Cruzamento;0
Forma de Seleção par Mutação;1

Geração 1 / 300:;Profundidade;0;Melhor;399651.000000;Pior;4800892.000000;Media;4382282.485000;Tempo;3469.000000
Geração 2 / 300:;Profundidade;0;Melhor;351800.000000;Pior;4775827.000000;Media;4292574.180000;Tempo;6887.000000
Geração 3 / 300:;Profundidade;0;Melhor;334751.000000;Pior;4721188.000000;Media;4204174.835000;Tempo;10305.000000
Geração 4 / 300:;Profundidade;0;Melhor;327215.000000;Pior;4786136.000000;Media;4120110.275000;Tempo;13729.000000
Geração 5 / 300:;Profundidade;0;Melhor;326014.000000;Pior;4738483.000000;Media;4017716.025000;Tempo;17167.000000
Temmpo de execução;17167.000000
melhor;326014.000000
Individuo;0;309;464;463;437;436;311;310;312;313;314;439;315;438;447;451;450;448;449;461;462;465;466;467;474;476;475;473;469;468;470;471;472;530;531;532;533;534;536;537;538;535;529;528;527;526;509;510;511;512;525;524;521;520;460;519;518;516;517;522;515;514;523;513;504;503;502;159;163;506;505;508;507;165;164;200;201;203;204;205;202;233;231;230;232;229;214;213;208;209;210;212;211;222;223;221;215;225;224;226;227;228;220;219;218;217;216;207;206;193;194;196;198;199;197;191;195;190;189;192;188;178;176;177;179;180;186;187;183;184;185;162;161;160;158;155;156;157;154;153;434;433;432;430;425;423;424;431;426;427;429;486;487;488;490;489;493;435;497;499;498;501;500;496;495;494;492;491;459;458;457;456;455;453;452;445;443;442;395;394;399;444;412;446;454;416;428;415;414;413;411;407;405;398;397;402;403;396;401;400;349;350;348;347;346;345;332;344;343;341;342;340;339;337;338;336;274;273;351;271;270;269;268;266;259;265;264;263;284;285;267;286;289;276;275;277;278;279;281;280;282;283;328;329;333;334;335;389;392;393;391;390;441;440;324;323;322;321;327;331;330;326;325;320;319;316;317;318;295;294;291;292;293;290;288;287;302;303;304;305;306;297;298;296;299;300;301;307;308;17;16;15;13;14;45;46;47;48;42;12;41;43;36;37;38;33;34;35;40;64;63;60;59;58;55;56;54;53;57;61;62;66;67;65;68;69;70;71;89;90;91;93;94;95;92;664;106;115;105;104;116;114;113;112;110;111;109;108;107;665;650;648;649;651;655;654;653;652;662;663;661;660;659;658;657;656;637;638;646;645;644;643;642;641;640;647;639;593;636;635;634;600;608;607;598;599;597;596;595;594;591;592;585;590;589;586;584;583;582;580;581;579;578;574;577;575;576;587;588;571;572;573;564;565;566;567;569;570;568;606;563;562;561;546;549;548;552;551;555;558;557;556;554;553;550;547;541;542;540;539;543;544;559;545;560;601;604;605;602;603;612;609;610;611;613;616;614;615;617;618;620;621;622;633;632;631;630;629;628;627;626;624;625;623;484;483;482;485;619;481;477;480;479;478;3;2;4;5;18;20;21;22;23;25;52;28;27;26;24;19;7;6;8;9;11;10;29;30;31;32;39;44;49;50;51;72;73;75;74;76;77;78;87;88;82;86;81;79;80;85;84;83;136;137;96;97;98;99;100;101;103;102;126;125;117;118;119;120;121;122;123;124;127;128;129;130;131;132;133;134;135;138;166;167;168;169;173;174;175;172;171;181;182;170;148;146;239;240;241;235;237;238;145;144;143;142;141;139;140;234;249;236;247;246;245;248;253;254;252;244;251;250;243;242;147;149;379;258;257;256;255;260;261;262;360;361;362;363;364;272;357;356;353;352;354;355;358;366;367;368;404;369;417;374;418;419;408;406;409;410;422;421;420;382;383;384;385;386;388;152;151;150;387;381;380;377;378;376;375;370;371;372;373;365;359;1;
Melhor Alcançado;326014.000000; Geração;5
Qtde de Entradas Recursivas;0; Qtde Execuções Recursivas;0; Qtde Execuções das Combinações;0



