Instância;files/gr666.xml
Execução;3 / 3
Tamanho da Populaçap;200
Máximo de gerações;300
Mutação;5
Cruzamento;1
% Manpulação;30
% Mutação;20
Print Parcial;1
Ativa Recursivo;0
Percentual de Redução;77
Profundidade Máxima;5
Percentual de Eltismo;70
Seleção para Cruzamento;0
Forma de Seleção par Mutação;1

Geração 1 / 300:;Profundidade;0;Melhor;4071349.000000;Pior;5106640.000000;Media;4449599.645000;Tempo;2664.000000
Geração 2 / 300:;Profundidade;0;Melhor;4033125.000000;Pior;4943998.000000;Media;4436350.025000;Tempo;5421.000000
Temmpo de execução;5421.000000
melhor;4033125.000000
Individuo;0;283;2;3;464;5;215;7;8;655;10;543;12;50;652;70;16;264;377;19;59;149;391;66;322;25;104;475;28;83;228;53;420;33;34;35;363;37;292;219;204;122;42;325;427;86;30;47;48;192;474;51;52;372;591;55;56;57;173;20;229;186;285;491;287;288;289;80;291;38;293;476;197;296;297;550;299;379;301;302;69;133;92;306;110;185;309;268;311;312;319;346;54;247;217;649;68;320;533;181;58;647;231;410;553;165;506;224;146;242;333;554;595;594;337;338;445;421;341;342;343;344;345;160;347;450;349;164;351;352;353;432;355;574;607;65;361;360;490;41;406;364;307;366;494;76;27;370;371;213;373;374;393;376;29;138;300;282;381;316;383;384;9;153;139;388;389;496;269;599;62;106;390;100;284;168;331;463;405;641;521;404;241;36;61;485;484;615;172;177;480;386;478;477;280;180;586;473;472;471;488;597;205;467;162;532;658;310;348;142;85;479;458;457;456;399;487;159;452;462;230;449;448;447;446;255;147;171;442;639;440;439;438;437;436;435;581;433;198;431;182;49;428;294;274;425;157;423;422;277;281;144;418;417;240;551;136;413;412;564;94;259;552;604;60;313;109;108;107;119;105;26;103;102;101;514;580;98;558;587;536;218;71;387;286;505;89;88;120;115;118;84;18;82;81;152;335;78;77;368;111;74;141;72;93;245;303;362;67;23;489;561;402;375;64;63;126;127;128;129;397;131;132;174;216;365;414;125;354;400;140;396;584;601;419;664;455;444;148;21;150;663;137;482;154;598;350;492;158;443;340;161;507;356;156;199;616;167;239;318;232;378;465;212;304;315;176;481;665;358;369;24;430;183;184;459;130;187;188;169;534;191;155;662;261;257;196;295;426;236;200;116;605;203;40;254;206;207;15;4;210;211;323;31;214;6;134;407;121;39;220;221;222;223;209;225;226;227;46;453;244;43;627;546;234;235;583;237;238;321;483;520;332;243;75;208;73;620;314;249;653;251;538;253;608;339;256;508;258;540;260;194;555;263;17;265;266;267;614;95;270;271;272;273;560;275;276;252;278;279;250;32;602;585;590;123;415;326;609;45;468;408;570;575;114;113;112;178;470;515;359;424;97;79;367;509;395;497;498;499;500;501;523;503;246;529;329;298;541;411;510;588;539;513;290;179;336;517;518;519;317;403;308;502;524;525;526;527;528;90;530;201;635;398;324;170;401;537;466;512;409;195;542;486;544;545;654;547;548;549;189;557;117;327;334;262;556;611;394;559;91;429;562;563;151;565;469;567;568;569;531;571;572;624;145;380;576;577;578;579;99;382;522;625;566;248;190;96;621;589;124;175;592;593;516;493;596;582;640;392;600;143;305;603;11;202;606;357;44;135;610;163;612;613;22;87;233;617;618;619;434;650;622;648;573;328;626;535;628;629;630;631;632;633;634;461;636;637;638;441;495;1;642;643;660;645;646;13;623;504;511;651;14;460;166;385;656;657;330;659;644;661;193;416;451;454;
Melhor Alcançado;1000000.000000; Geração;33
Qtde de Entradas Recursivas;0; Qtde Execuções Recursivas;0; Qtde Execuções das Combinações;0



