Instância;./files/gr666.xml
Execução;18 / 25
Tamanho da Populaçap;200
Máximo de gerações;300
Mutação;6
Cruzamento;2
% Manpulação;30
% Mutação;2
Print Parcial;1
Ativa Recursivo;0
Percentual de Redução;78
Profundidade Máxima;100
Percentual de Eltismo;70
Seleção para Cruzamento;0
Forma de Seleção par Mutação;1

Geração 1 / 300:;Profundidade;0;Melhor;406858.000000;Pior;4785524.000000;Media;4356148.685000;Tempo;3479.000000
Geração 2 / 300:;Profundidade;0;Melhor;348386.000000;Pior;4604038.000000;Media;4239294.740000;Tempo;6916.000000
Geração 3 / 300:;Profundidade;0;Melhor;333604.000000;Pior;4671882.000000;Media;4047483.910000;Tempo;10355.000000
Geração 4 / 300:;Profundidade;0;Melhor;325346.000000;Pior;4635436.000000;Media;3904556.460000;Tempo;13787.000000
Geração 5 / 300:;Profundidade;0;Melhor;323313.000000;Pior;4557330.000000;Media;3707102.310000;Tempo;17185.000000
Temmpo de execução;17185.000000
melhor;323313.000000
Individuo;0;309;308;307;301;300;318;317;319;316;311;310;436;437;312;313;314;438;315;439;440;442;443;445;412;446;454;488;493;489;490;491;492;494;495;435;497;496;499;498;501;500;155;157;156;154;434;153;385;386;387;388;152;151;150;149;379;258;376;371;372;373;374;417;418;419;408;369;366;367;400;401;350;349;348;347;334;335;389;392;391;390;396;393;397;402;403;404;368;406;409;422;431;427;426;424;425;423;421;420;378;377;380;381;382;383;384;430;432;433;487;486;429;428;416;415;414;413;411;410;407;405;398;444;399;394;395;441;324;323;322;320;325;326;327;321;331;330;329;328;333;346;345;332;344;343;341;342;340;339;338;337;336;274;275;279;282;283;281;280;278;276;267;286;289;285;288;287;290;293;292;291;294;295;299;298;296;297;306;305;304;302;303;284;263;264;265;253;259;266;268;269;271;273;351;272;356;353;352;357;354;355;358;359;365;364;363;362;361;360;270;260;261;262;370;375;257;256;255;254;252;244;251;147;250;243;242;146;239;240;241;246;245;248;247;249;236;235;237;238;145;144;142;143;141;139;140;234;17;16;15;13;14;45;46;47;48;42;12;41;36;37;43;38;32;31;30;29;10;11;9;8;6;7;19;24;27;26;33;34;35;40;39;44;49;51;50;72;73;74;75;76;77;78;79;80;81;86;82;87;88;89;90;91;71;70;69;66;67;68;65;64;63;62;60;59;61;58;55;56;57;54;53;52;28;25;23;22;21;20;18;5;4;2;3;1;478;479;480;477;476;475;474;473;469;468;465;466;467;464;463;462;461;450;449;448;447;451;453;452;455;456;457;460;459;458;519;520;521;522;518;517;516;514;523;515;524;525;509;510;511;512;513;503;504;502;158;162;161;160;159;163;506;505;508;507;165;164;201;204;205;203;202;233;231;230;232;229;214;213;208;209;210;212;211;221;222;223;215;225;226;224;227;228;220;219;218;207;206;193;194;196;198;200;199;197;195;191;185;184;183;148;182;181;170;171;166;138;167;168;169;173;174;172;175;176;178;177;179;180;186;187;190;189;192;188;216;217;665;107;108;109;110;111;112;113;114;115;106;105;104;116;117;125;126;127;128;121;120;118;119;122;123;124;129;130;131;132;134;133;135;83;85;84;136;137;102;103;101;100;99;98;97;96;93;94;95;92;664;663;661;659;660;662;653;652;654;655;656;657;658;635;637;636;638;646;645;651;650;649;648;643;642;644;641;640;647;585;639;593;592;591;594;595;596;597;598;607;599;600;608;610;611;634;633;632;622;631;627;629;630;628;626;625;624;623;484;483;482;481;619;485;618;620;621;617;613;615;616;614;612;609;603;602;605;604;606;568;569;570;572;571;587;588;589;586;590;584;583;582;580;581;579;576;575;578;577;574;573;567;566;565;564;562;561;546;549;552;548;551;555;558;556;557;554;553;550;547;542;541;537;538;536;534;535;529;528;526;527;472;470;471;530;531;533;532;539;540;543;544;545;559;560;601;563;277;
Melhor Alcançado;323313.000000; Geração;5
Qtde de Entradas Recursivas;0; Qtde Execuções Recursivas;0; Qtde Execuções das Combinações;0



