Instância;files/gr666.xml
Execução;3 / 3
Tamanho da Populaçap;200
Máximo de gerações;300
Mutação;5
Cruzamento;2
% Manpulação;30
% Mutação;20
Print Parcial;1
Ativa Recursivo;0
Percentual de Redução;77
Profundidade Máxima;5
Percentual de Eltismo;70
Seleção para Cruzamento;0
Forma de Seleção par Mutação;1

Geração 1 / 300:;Profundidade;0;Melhor;4109691.000000;Pior;4766941.000000;Media;4423429.310000;Tempo;2773.000000
Geração 2 / 300:;Profundidade;0;Melhor;4071094.000000;Pior;4606827.000000;Media;4373472.730000;Tempo;5565.000000
Temmpo de execução;5565.000000
melhor;4071094.000000
Individuo;0;294;467;3;411;5;6;26;8;9;353;11;12;13;72;15;99;429;7;19;20;585;22;23;24;302;522;27;104;643;448;55;32;33;34;118;459;28;108;371;167;469;42;169;636;306;491;97;48;243;163;51;52;38;466;332;207;131;629;227;508;61;62;63;133;219;66;36;397;527;236;344;450;645;289;398;76;65;221;350;80;81;98;381;84;85;90;54;88;14;628;75;92;17;124;95;96;356;471;443;102;101;100;414;390;105;106;110;626;129;53;111;112;588;30;115;177;117;229;119;462;200;122;263;427;125;217;142;128;47;510;170;285;246;67;135;136;179;57;623;140;141;45;143;144;299;567;147;168;370;520;445;152;109;178;155;509;157;172;566;284;40;162;126;164;165;530;161;648;43;529;171;631;591;174;175;434;116;154;606;485;181;205;183;184;251;186;187;188;189;190;191;273;193;194;503;196;634;570;151;357;201;202;203;540;182;438;322;526;121;338;270;212;256;386;139;216;307;148;77;538;78;222;318;4;225;323;59;228;86;230;632;562;647;123;73;663;664;234;454;447;237;134;544;240;241;107;480;317;245;64;87;592;46;659;451;557;93;254;255;342;268;486;362;224;610;262;366;264;265;571;392;71;361;278;331;89;475;502;275;276;206;211;279;280;281;282;543;160;334;16;31;380;309;290;291;292;272;577;401;481;69;615;145;300;180;25;218;304;305;127;296;308;44;474;311;312;313;625;315;316;552;223;319;320;321;209;226;324;325;374;327;113;21;446;271;82;333;665;199;198;547;210;339;340;341;413;343;259;345;346;347;348;233;501;18;352;506;354;435;298;375;49;431;651;452;257;130;364;293;646;539;368;369;149;94;146;531;326;329;150;377;378;379;158;621;382;383;384;612;214;37;388;389;499;391;267;393;394;395;349;498;91;68;400;614;399;403;173;405;406;407;176;409;410;120;412;351;652;204;287;417;418;419;420;421;156;258;50;425;426;457;437;250;430;138;432;433;408;137;436;428;277;439;440;441;442;286;444;336;479;70;114;449;594;541;269;453;235;303;456;39;458;238;635;649;644;29;642;641;640;639;638;637;656;460;555;633;507;490;630;58;575;492;536;197;624;511;622;83;620;493;546;617;616;573;195;613;599;611;248;609;608;607;355;56;604;603;602;601;465;385;513;597;596;595;330;593;627;404;488;589;618;215;482;249;584;583;582;650;580;579;578;1;576;41;574;662;572;266;335;569;568;587;537;565;590;563;232;468;103;524;558;376;556;314;554;553;658;551;288;549;548;337;328;295;521;283;542;185;415;472;220;159;586;600;396;533;244;373;564;35;424;297;208;525;559;523;455;239;242;519;518;517;153;213;60;550;512;528;261;422;79;231;10;505;504;545;274;514;500;310;74;497;496;495;494;619;166;359;387;489;423;487;252;301;484;483;515;561;358;605;478;477;476;192;247;473;367;416;532;365;402;2;132;535;464;463;372;516;661;660;253;470;657;534;655;654;653;560;360;581;461;363;260;598;
Melhor Alcançado;1000000.000000; Geração;65
Qtde de Entradas Recursivas;0; Qtde Execuções Recursivas;0; Qtde Execuções das Combinações;0



