Instância;./files/gr666.xml
Execução;24 / 25
Tamanho da Populaçap;200
Máximo de gerações;300
Mutação;6
Cruzamento;5
% Manpulação;30
% Mutação;2
Print Parcial;1
Ativa Recursivo;0
Percentual de Redução;78
Profundidade Máxima;100
Percentual de Eltismo;70
Seleção para Cruzamento;0
Forma de Seleção par Mutação;1

Geração 1 / 300:;Profundidade;0;Melhor;416314.000000;Pior;4910545.000000;Media;4361550.825000;Tempo;3780.000000
Geração 2 / 300:;Profundidade;0;Melhor;345593.000000;Pior;4832152.000000;Media;4287885.560000;Tempo;7516.000000
Geração 3 / 300:;Profundidade;0;Melhor;332547.000000;Pior;4802165.000000;Media;4199891.955000;Tempo;11245.000000
Geração 4 / 300:;Profundidade;0;Melhor;326345.000000;Pior;4689927.000000;Media;4083555.090000;Tempo;14963.000000
Temmpo de execução;14963.000000
melhor;326345.000000
Individuo;0;309;11;10;8;9;7;6;19;18;5;4;3;2;1;478;479;480;477;476;474;475;602;604;605;603;612;614;616;615;617;613;611;610;609;607;598;599;600;608;634;633;632;631;622;621;620;618;619;485;481;483;482;484;623;624;625;626;628;629;627;630;635;658;657;653;652;654;655;651;650;648;649;643;642;644;645;646;656;638;637;636;593;592;591;594;595;597;596;588;586;587;589;590;585;639;647;641;640;584;583;582;581;580;579;576;575;578;577;574;571;572;573;564;565;566;567;570;569;568;606;563;562;561;560;601;559;545;544;543;546;549;552;548;551;554;556;557;558;555;553;550;547;541;542;540;539;532;533;534;531;530;529;535;536;537;538;509;510;511;512;525;526;528;527;471;472;470;469;473;468;465;466;467;464;463;437;310;311;436;312;313;314;439;315;438;440;323;324;322;316;317;318;319;320;321;327;325;326;330;329;331;334;335;389;392;391;390;441;393;402;398;397;396;401;350;349;348;347;346;345;333;328;283;332;343;342;344;340;341;339;337;338;336;279;280;281;282;278;277;276;275;274;273;351;271;270;360;361;261;260;262;255;256;257;370;371;375;258;379;147;149;150;151;152;388;386;387;385;384;383;382;381;380;378;377;376;372;373;374;417;408;419;418;369;366;359;365;364;362;363;272;357;353;356;352;354;355;358;400;367;403;368;404;406;409;410;422;421;420;423;425;424;426;427;429;428;416;486;488;487;431;430;432;433;153;434;154;156;157;155;500;501;498;499;497;496;495;494;435;493;489;490;491;459;458;455;454;446;412;414;415;413;411;407;405;444;399;394;395;442;443;445;453;452;451;447;448;462;461;449;450;456;457;460;519;518;516;517;522;520;521;524;523;515;514;513;502;503;504;159;160;161;162;158;163;506;505;507;508;165;164;200;201;204;205;203;202;233;231;232;230;229;214;213;212;209;208;210;211;221;224;223;222;215;225;226;227;228;220;219;218;216;217;108;665;107;106;105;115;109;110;111;112;113;114;116;104;103;102;126;125;117;118;119;120;121;123;122;124;127;128;129;131;130;132;133;134;135;83;85;84;136;137;100;101;99;98;97;96;93;95;94;91;90;89;71;69;70;92;664;663;661;662;660;659;21;20;22;23;25;24;26;27;28;52;53;54;55;56;57;58;59;61;62;60;63;66;67;68;65;64;72;73;74;75;88;87;82;86;81;80;79;78;77;76;51;50;49;44;39;40;35;34;33;38;32;31;29;30;36;37;43;42;41;12;48;46;47;45;14;13;15;16;17;308;307;301;300;299;298;296;297;306;302;303;304;305;295;294;291;292;293;290;286;289;285;288;287;284;263;264;265;267;269;268;266;259;253;248;247;246;245;254;252;244;251;250;243;242;146;240;239;241;237;238;145;144;143;142;141;235;236;249;234;140;139;166;138;168;167;169;173;174;175;172;171;170;181;182;148;183;184;185;191;195;197;199;198;196;207;206;193;194;192;188;189;190;187;177;176;178;179;180;186;492;
Melhor Alcançado;326345.000000; Geração;4
Qtde de Entradas Recursivas;0; Qtde Execuções Recursivas;0; Qtde Execuções das Combinações;0



