Instância;./files/gr666.xml
Execução;20 / 25
Tamanho da Populaçap;200
Máximo de gerações;300
Mutação;6
Cruzamento;0
% Manpulação;30
% Mutação;2
Print Parcial;1
Ativa Recursivo;0
Percentual de Redução;78
Profundidade Máxima;100
Percentual de Eltismo;70
Seleção para Cruzamento;0
Forma de Seleção par Mutação;1

Geração 1 / 300:;Profundidade;0;Melhor;394550.000000;Pior;4915406.000000;Media;4377552.495000;Tempo;3559.000000
Geração 2 / 300:;Profundidade;0;Melhor;343197.000000;Pior;4879947.000000;Media;4272157.070000;Tempo;7055.000000
Geração 3 / 300:;Profundidade;0;Melhor;330793.000000;Pior;5026369.000000;Media;4118052.080000;Tempo;10551.000000
Geração 4 / 300:;Profundidade;0;Melhor;326734.000000;Pior;5044990.000000;Media;3958701.940000;Tempo;14030.000000
Geração 5 / 300:;Profundidade;0;Melhor;324882.000000;Pior;4912972.000000;Media;3725505.440000;Tempo;17497.000000
Temmpo de execução;17497.000000
melhor;324882.000000
Individuo;0;309;308;17;16;45;15;14;13;12;46;47;48;42;43;41;36;37;38;39;44;50;51;73;72;49;40;35;34;33;32;31;29;30;10;11;9;8;6;7;19;24;26;27;28;52;25;23;22;21;20;18;5;4;3;2;1;478;480;479;484;623;624;625;626;627;630;629;628;631;632;633;622;621;620;617;618;619;485;483;482;481;477;476;475;474;467;464;463;437;436;310;311;312;438;439;315;313;314;323;324;322;320;319;316;318;317;300;301;307;299;298;296;297;295;305;306;303;302;304;291;292;294;293;290;289;286;285;288;287;284;263;267;264;265;259;266;253;254;244;252;255;256;257;370;375;258;380;381;382;383;384;430;432;431;425;424;426;427;429;428;416;415;412;414;413;411;407;405;406;368;367;359;366;365;373;374;418;417;369;419;408;409;410;422;421;423;420;378;377;376;372;371;364;363;362;361;360;261;262;260;270;269;268;276;277;275;278;279;280;281;282;283;332;344;340;343;342;341;339;338;337;336;274;273;351;271;272;357;353;356;352;354;355;358;400;401;350;349;348;347;346;345;333;328;329;330;326;325;321;327;331;334;335;389;392;391;390;441;394;393;396;403;402;397;398;444;399;395;442;440;443;445;446;454;490;492;518;517;516;522;515;514;523;525;524;521;527;528;529;535;536;537;538;547;550;553;551;554;557;556;558;555;552;549;546;561;562;563;565;564;573;567;566;569;570;572;571;574;575;577;578;576;587;579;580;581;582;583;584;586;590;589;588;591;585;639;592;593;636;638;637;656;657;653;652;654;655;651;650;649;648;643;641;642;644;645;646;647;640;665;107;108;109;110;111;117;125;126;136;137;102;103;101;100;99;98;97;96;95;93;94;92;67;66;63;62;60;59;58;61;57;56;53;54;55;64;65;68;69;70;71;89;91;90;82;86;87;88;75;74;76;77;78;79;80;81;85;84;83;135;133;134;132;131;130;129;128;127;124;123;122;121;120;119;118;112;113;114;116;104;115;105;106;664;663;661;662;660;659;658;635;594;596;595;597;599;608;600;634;611;610;613;615;616;614;612;609;598;607;568;606;604;605;603;602;601;560;559;545;544;548;543;540;539;542;541;534;533;532;531;530;472;471;470;468;469;473;466;465;462;461;450;449;448;447;451;452;453;455;456;457;460;520;519;459;458;491;494;495;496;497;499;500;498;501;156;157;154;155;435;493;489;488;486;487;433;434;153;152;388;385;386;387;379;150;151;149;147;250;251;243;242;146;240;239;143;142;141;144;145;238;237;241;246;245;248;247;249;236;235;234;140;139;166;168;167;138;169;173;174;175;216;217;228;227;224;226;225;215;229;230;232;231;233;202;165;508;507;505;506;163;164;201;203;204;205;200;197;199;198;208;209;210;212;213;214;211;222;223;221;220;218;219;207;206;193;194;196;195;191;190;189;192;188;187;180;186;179;178;177;176;172;171;181;182;170;148;183;185;184;162;161;160;158;159;504;503;502;513;512;511;510;509;526;404;
Melhor Alcançado;324882.000000; Geração;5
Qtde de Entradas Recursivas;0; Qtde Execuções Recursivas;0; Qtde Execuções das Combinações;0



