Instância;./files/gr666.xml
Execução;9 / 25
Tamanho da Populaçap;200
Máximo de gerações;300
Mutação;6
Cruzamento;4
% Manpulação;30
% Mutação;2
Print Parcial;1
Ativa Recursivo;0
Percentual de Redução;78
Profundidade Máxima;100
Percentual de Eltismo;70
Seleção para Cruzamento;0
Forma de Seleção par Mutação;1

Geração 1 / 300:;Profundidade;0;Melhor;397212.000000;Pior;4768741.000000;Media;4319836.805000;Tempo;3489.000000
Geração 2 / 300:;Profundidade;0;Melhor;352196.000000;Pior;4695702.000000;Media;4211881.400000;Tempo;6922.000000
Geração 3 / 300:;Profundidade;0;Melhor;335993.000000;Pior;4595896.000000;Media;4107108.695000;Tempo;10350.000000
Geração 4 / 300:;Profundidade;0;Melhor;329260.000000;Pior;4500360.000000;Media;3996755.440000;Tempo;13785.000000
Geração 5 / 300:;Profundidade;0;Melhor;328723.000000;Pior;4504303.000000;Media;3862547.520000;Tempo;17219.000000
Temmpo de execução;17219.000000
melhor;328723.000000
Individuo;0;309;308;17;16;15;14;13;45;46;47;48;42;12;41;43;36;37;38;32;24;26;27;28;25;23;22;20;21;659;660;653;652;654;655;656;657;658;635;636;637;638;646;645;644;642;641;643;649;648;650;651;662;661;663;664;92;95;94;93;91;90;89;88;87;82;86;136;137;96;97;98;99;100;101;103;102;126;125;117;104;116;114;115;105;106;109;107;665;108;110;111;112;113;118;120;119;121;124;122;123;127;128;129;131;130;132;133;134;135;83;84;85;81;80;79;78;77;76;74;75;71;70;69;68;67;66;65;64;63;62;60;61;59;58;55;56;57;53;52;54;35;40;72;73;51;50;49;44;39;34;33;31;30;29;10;11;9;8;6;7;19;18;5;4;3;2;1;478;480;479;484;623;625;624;626;627;628;629;630;631;633;632;622;634;611;610;612;613;617;621;620;618;615;616;614;603;602;604;605;609;607;598;608;600;599;597;596;595;594;591;592;593;639;647;640;585;590;589;586;584;583;582;581;580;579;578;577;574;575;576;587;588;571;572;573;564;565;566;567;570;569;568;606;563;562;546;561;560;545;544;559;543;548;549;552;555;558;556;557;554;551;553;550;547;541;542;540;539;532;533;534;536;537;538;535;529;531;530;472;471;470;469;473;468;465;466;467;474;475;476;481;619;485;483;482;477;464;463;437;312;436;310;311;316;318;317;300;307;301;299;295;298;296;297;305;306;303;302;304;291;293;292;294;290;287;284;288;285;289;286;267;264;263;265;266;259;253;254;252;245;246;247;248;249;236;235;234;140;139;141;143;142;144;145;238;237;239;241;240;146;148;182;181;170;171;166;138;167;168;169;173;174;175;172;176;178;177;179;180;186;187;190;192;189;188;216;217;228;227;226;225;224;220;219;218;207;206;193;194;195;191;185;183;184;162;160;161;197;196;198;199;200;201;203;205;204;213;214;212;208;209;210;211;221;222;223;215;229;232;230;231;233;202;164;163;506;165;505;507;508;509;510;511;512;513;502;504;503;159;158;157;154;155;156;501;498;500;499;496;497;435;495;494;492;491;490;493;489;488;454;446;412;416;428;429;486;487;434;433;153;432;430;383;384;382;381;380;379;387;385;386;388;152;151;150;149;147;242;243;250;251;244;255;256;257;370;371;375;258;377;378;376;372;373;374;417;369;419;418;420;423;421;425;424;431;427;426;415;414;413;411;407;422;410;409;408;406;404;368;367;366;365;359;357;356;272;363;364;362;361;360;262;260;261;270;271;269;268;276;275;277;278;279;280;282;281;283;328;333;345;332;344;343;342;341;340;339;338;337;336;274;273;351;353;352;354;355;358;400;401;350;349;347;348;346;334;335;389;331;329;330;326;327;321;325;320;319;322;323;324;441;390;391;392;396;403;402;397;398;405;444;399;393;394;395;443;442;440;439;315;314;313;438;447;448;462;461;449;450;451;445;452;453;455;456;457;458;459;519;460;520;521;524;527;528;526;525;515;514;523;522;516;518;517;601;
Melhor Alcançado;328723.000000; Geração;5
Qtde de Entradas Recursivas;0; Qtde Execuções Recursivas;0; Qtde Execuções das Combinações;0



