Instância;files/gr666.xml
Execução;2 / 3
Tamanho da Populaçap;200
Máximo de gerações;300
Mutação;5
Cruzamento;2
% Manpulação;30
% Mutação;20
Print Parcial;1
Ativa Recursivo;0
Percentual de Redução;77
Profundidade Máxima;5
Percentual de Eltismo;70
Seleção para Cruzamento;0
Forma de Seleção par Mutação;1

Geração 1 / 300:;Profundidade;0;Melhor;4132621.000000;Pior;4813977.000000;Media;4424321.140000;Tempo;2721.000000
Geração 2 / 300:;Profundidade;0;Melhor;4093301.000000;Pior;4652448.000000;Media;4384160.760000;Tempo;5470.000000
Temmpo de execução;5470.000000
melhor;4093301.000000
Individuo;0;1;113;495;539;183;6;7;663;494;602;175;12;13;200;239;561;443;380;594;376;159;37;312;24;25;512;550;637;384;30;31;32;142;391;379;549;160;236;339;40;444;304;503;537;609;198;47;48;197;77;51;52;53;659;149;56;57;558;59;60;338;357;36;258;65;76;67;68;69;109;71;18;598;74;75;66;85;78;173;80;81;102;20;446;50;86;647;428;89;318;416;70;489;94;95;96;209;660;320;515;648;82;103;104;105;469;107;108;130;204;178;392;397;148;395;136;134;398;664;278;402;401;654;582;405;406;139;408;206;292;166;412;413;255;415;91;62;266;2;277;110;562;117;118;119;527;317;122;123;448;127;126;234;219;169;129;520;132;133;305;135;396;137;138;661;140;299;572;585;591;410;146;262;394;55;150;313;152;22;375;579;497;157;158;72;153;161;162;163;42;61;336;330;8;256;170;171;172;508;462;614;445;611;597;182;246;181;179;5;184;185;607;514;188;9;366;191;192;193;622;195;599;49;100;638;479;288;202;203;279;205;106;207;470;257;319;211;212;187;214;215;216;217;28;128;220;221;222;620;224;225;272;227;228;231;423;201;232;233;516;235;244;237;238;15;240;19;210;621;433;245;273;247;46;99;250;251;147;253;403;29;295;385;64;259;260;613;378;263;563;301;112;267;268;269;491;632;226;517;274;275;438;548;93;115;280;524;529;580;604;63;286;287;649;289;466;291;556;293;294;254;296;297;439;116;300;581;302;303;636;111;629;307;282;309;310;525;605;434;314;454;316;121;477;242;249;321;322;323;248;325;38;327;399;329;26;331;467;333;334;335;646;337;370;39;350;341;355;343;344;628;346;283;332;349;141;351;324;353;354;223;356;381;358;502;360;361;531;363;627;365;151;90;411;369;543;284;372;342;374;154;83;281;17;417;252;393;382;174;359;92;555;387;388;98;97;420;522;578;155;551;298;542;377;560;45;586;587;588;589;590;519;592;593;533;165;575;540;73;196;457;601;10;603;270;400;606;186;608;383;610;630;504;261;11;615;616;623;618;619;435;634;414;617;624;625;626;364;565;306;177;631;271;409;243;463;290;84;584;35;640;641;642;635;644;645;595;87;101;156;650;554;574;612;573;571;570;569;568;419;596;14;564;658;340;16;455;362;199;145;241;386;418;653;633;347;27;144;114;547;546;545;544;460;404;23;345;576;125;44;553;143;431;451;487;432;655;308;265;120;168;180;58;523;43;535;190;311;518;526;328;352;662;552;41;511;510;509;490;507;506;368;441;538;194;501;500;499;498;229;496;373;189;493;492;21;79;54;488;532;486;485;484;483;482;481;480;651;478;367;476;475;474;643;472;471;208;264;326;167;541;465;464;559;521;461;3;452;458;600;456;285;315;453;459;437;450;449;124;447;218;176;88;33;442;557;440;528;276;371;436;583;230;131;473;534;34;429;348;427;426;425;424;468;422;421;4;567;430;639;656;652;536;566;530;390;657;505;513;389;164;213;407;577;665;
Melhor Alcançado;1000000.000000; Geração;33
Qtde de Entradas Recursivas;0; Qtde Execuções Recursivas;0; Qtde Execuções das Combinações;0



