Instância;./files/gr666.xml
Execução;22 / 25
Tamanho da Populaçap;200
Máximo de gerações;300
Mutação;6
Cruzamento;0
% Manpulação;30
% Mutação;2
Print Parcial;1
Ativa Recursivo;0
Percentual de Redução;78
Profundidade Máxima;100
Percentual de Eltismo;70
Seleção para Cruzamento;0
Forma de Seleção par Mutação;1

Geração 1 / 300:;Profundidade;0;Melhor;400437.000000;Pior;4888635.000000;Media;4345459.155000;Tempo;3559.000000
Geração 2 / 300:;Profundidade;0;Melhor;360343.000000;Pior;4880430.000000;Media;4233517.900000;Tempo;7056.000000
Geração 3 / 300:;Profundidade;0;Melhor;346110.000000;Pior;4771936.000000;Media;4096298.460000;Tempo;10549.000000
Geração 4 / 300:;Profundidade;0;Melhor;340512.000000;Pior;4830450.000000;Media;3991221.975000;Tempo;14045.000000
Geração 5 / 300:;Profundidade;0;Melhor;338107.000000;Pior;4867251.000000;Media;3858726.265000;Tempo;17463.000000
Temmpo de execução;17463.000000
melhor;338107.000000
Individuo;0;309;11;9;8;7;19;18;5;6;4;3;2;1;478;479;480;477;467;466;465;468;469;473;602;604;605;603;614;612;609;610;611;613;615;616;617;618;620;622;633;632;631;630;628;629;627;626;625;624;623;484;482;483;485;619;481;476;475;474;464;463;449;461;462;450;448;447;445;443;442;395;390;441;440;315;439;438;437;436;310;311;312;313;314;323;324;322;319;318;317;316;320;325;326;327;321;331;330;329;328;333;345;346;349;350;348;347;334;335;389;391;392;396;402;398;397;393;394;399;444;405;407;411;413;422;410;409;406;408;421;423;420;419;369;368;404;403;401;400;367;366;359;365;358;355;354;357;356;353;352;337;274;336;338;339;340;342;341;343;344;332;283;281;282;279;280;278;275;277;276;289;286;267;268;269;273;271;351;272;363;364;362;360;361;270;261;260;262;370;371;372;373;374;417;418;378;376;377;380;381;382;383;384;425;430;432;433;431;424;426;427;429;416;428;415;414;412;446;454;453;452;451;456;457;455;458;459;519;460;520;521;524;526;528;527;471;470;472;530;531;539;532;533;534;529;535;536;541;542;540;543;544;545;559;601;560;561;562;546;549;552;548;551;555;556;558;557;554;553;550;547;537;538;509;510;525;511;512;513;523;514;515;522;517;516;518;492;491;490;489;493;494;495;497;496;499;498;501;500;156;157;154;155;435;488;486;487;434;153;385;386;388;387;150;151;152;148;182;181;170;171;172;175;176;177;178;179;186;180;188;192;190;189;187;183;184;185;191;162;161;160;158;502;504;503;159;163;506;507;508;505;165;164;202;233;232;231;230;229;215;222;221;223;224;225;226;227;228;220;218;219;208;209;210;212;211;214;213;205;203;204;201;199;198;200;197;195;194;193;196;206;207;217;216;174;173;169;168;167;138;166;139;140;234;141;143;142;144;145;239;238;237;235;236;249;247;246;241;240;146;147;149;379;258;375;256;257;255;254;252;244;251;250;242;243;245;248;253;259;266;265;264;263;284;287;285;288;290;294;293;292;291;304;302;303;306;305;297;296;295;298;299;300;301;307;308;17;16;15;14;13;12;45;46;47;48;43;42;41;37;36;10;29;30;31;32;38;39;44;49;40;33;35;34;26;24;20;21;22;23;25;27;28;52;53;54;55;56;57;61;58;59;62;60;63;64;65;67;66;68;69;70;71;91;90;89;88;87;86;82;75;74;51;50;72;73;76;77;78;80;79;81;85;136;84;83;135;134;133;132;131;130;129;128;127;124;123;122;121;120;119;118;117;125;126;137;96;94;95;93;92;97;98;99;100;101;102;103;104;116;114;113;112;111;110;109;115;105;106;107;108;665;649;650;651;648;643;642;641;647;640;639;585;590;589;588;587;586;583;584;582;581;580;579;576;578;577;574;575;571;572;573;564;565;563;606;566;567;570;569;568;607;598;608;600;634;599;597;594;596;595;591;592;593;636;638;656;657;658;635;637;646;645;644;655;654;652;653;660;659;662;661;663;664;621;
Melhor Alcançado;338107.000000; Geração;5
Qtde de Entradas Recursivas;0; Qtde Execuções Recursivas;0; Qtde Execuções das Combinações;0



