Instância;./files/gr666.xml
Execução;7 / 25
Tamanho da Populaçap;200
Máximo de gerações;300
Mutação;6
Cruzamento;1
% Manpulação;30
% Mutação;2
Print Parcial;1
Ativa Recursivo;0
Percentual de Redução;78
Profundidade Máxima;100
Percentual de Eltismo;70
Seleção para Cruzamento;0
Forma de Seleção par Mutação;1

Geração 1 / 300:;Profundidade;0;Melhor;396864.000000;Pior;4965789.000000;Media;4376392.540000;Tempo;3754.000000
Geração 2 / 300:;Profundidade;0;Melhor;345963.000000;Pior;5024304.000000;Media;4326865.280000;Tempo;7469.000000
Geração 3 / 300:;Profundidade;0;Melhor;331522.000000;Pior;4931043.000000;Media;4238761.245000;Tempo;11169.000000
Geração 4 / 300:;Profundidade;0;Melhor;326887.000000;Pior;5069685.000000;Media;4159240.575000;Tempo;14874.000000
Temmpo de execução;14874.000000
melhor;326887.000000
Individuo;0;307;309;308;17;16;15;14;13;12;45;46;47;48;42;41;37;36;43;38;39;33;34;35;40;44;49;50;51;76;75;74;73;72;64;65;68;67;69;66;63;62;60;55;58;59;61;57;56;54;53;52;27;28;25;23;22;20;21;24;26;32;31;30;29;10;11;9;8;6;7;19;18;5;4;3;2;1;478;479;480;477;464;463;462;465;466;468;471;527;528;526;525;523;515;514;513;511;512;510;509;529;535;536;538;537;541;547;548;551;550;553;554;557;556;558;555;552;549;546;562;561;560;601;559;545;544;543;540;539;542;534;533;532;531;530;472;470;469;473;467;474;476;475;616;615;614;612;609;603;602;605;604;606;563;564;565;566;567;573;572;571;569;570;568;607;598;600;599;608;611;610;613;617;618;620;621;485;619;481;483;482;484;623;624;625;626;628;629;627;630;631;633;632;622;634;635;636;593;591;594;595;597;596;588;587;576;574;575;577;578;579;581;580;582;583;584;586;589;590;585;592;639;638;637;656;646;645;644;643;642;641;647;640;665;650;648;649;651;655;653;652;654;657;658;659;660;662;661;663;664;92;70;71;88;87;86;82;77;78;79;80;81;85;84;83;135;133;134;132;130;131;129;127;128;124;123;122;121;120;119;118;117;125;126;137;136;90;89;91;95;93;94;96;97;98;99;100;101;103;102;104;116;114;113;112;111;110;109;105;115;106;107;108;217;216;176;177;178;179;186;180;187;190;189;188;192;191;195;193;194;206;207;219;218;220;228;224;227;226;225;215;223;222;221;211;210;209;208;196;198;197;199;200;201;203;205;204;213;212;214;229;230;232;231;233;202;164;165;507;508;505;506;159;158;502;503;504;163;160;161;162;184;185;183;148;182;181;170;171;172;175;174;173;169;168;138;167;166;139;140;234;235;236;249;248;247;246;241;240;239;237;238;145;141;142;143;144;146;242;243;245;244;251;250;147;149;379;150;151;152;388;386;387;385;384;383;382;381;380;420;421;423;422;410;409;408;406;407;405;444;445;452;451;455;453;454;446;412;411;413;414;415;416;428;429;488;486;427;426;431;424;425;430;432;433;487;434;153;154;156;157;155;500;501;498;499;496;497;495;494;435;493;489;490;492;491;459;458;519;518;517;516;522;524;521;520;460;457;456;450;461;449;448;447;443;442;395;399;394;398;397;402;403;396;393;392;391;390;441;440;324;322;323;314;313;439;438;312;437;436;310;311;316;319;320;318;317;301;300;299;298;296;295;297;305;306;302;303;304;291;292;294;293;290;289;286;267;285;287;288;284;263;265;264;266;268;269;276;277;278;275;274;336;337;338;339;340;344;343;342;341;279;280;282;281;283;332;333;328;329;330;326;325;327;321;331;389;335;334;347;348;350;349;401;400;358;355;346;345;352;354;353;356;272;357;351;273;271;270;361;362;363;364;365;359;366;367;368;404;369;419;417;418;374;373;376;377;378;372;371;370;375;258;257;256;255;262;360;261;260;259;253;254;252;315;
Melhor Alcançado;326887.000000; Geração;4
Qtde de Entradas Recursivas;0; Qtde Execuções Recursivas;0; Qtde Execuções das Combinações;0



