Instância;./files/gr666.xml
Execução;2 / 25
Tamanho da Populaçap;200
Máximo de gerações;300
Mutação;6
Cruzamento;5
% Manpulação;30
% Mutação;2
Print Parcial;1
Ativa Recursivo;0
Percentual de Redução;78
Profundidade Máxima;100
Percentual de Eltismo;70
Seleção para Cruzamento;0
Forma de Seleção par Mutação;1

Geração 1 / 300:;Profundidade;0;Melhor;419038.000000;Pior;4859009.000000;Media;4358401.905000;Tempo;3787.000000
Geração 2 / 300:;Profundidade;0;Melhor;356821.000000;Pior;4795870.000000;Media;4264289.450000;Tempo;7521.000000
Geração 3 / 300:;Profundidade;0;Melhor;343358.000000;Pior;4688435.000000;Media;4177934.270000;Tempo;11250.000000
Geração 4 / 300:;Profundidade;0;Melhor;336936.000000;Pior;4777035.000000;Media;4049832.455000;Tempo;14967.000000
Temmpo de execução;14967.000000
melhor;336936.000000
Individuo;0;309;308;17;16;15;14;13;45;46;47;48;12;41;42;43;38;37;36;30;29;31;32;39;44;49;50;51;74;75;73;72;65;68;66;67;69;70;71;90;91;89;88;87;82;86;76;77;78;79;80;81;85;84;83;135;133;134;132;130;131;129;128;127;124;123;122;121;118;119;120;117;125;126;136;137;96;94;93;95;92;97;98;99;100;101;102;103;104;116;114;113;112;111;110;109;105;115;106;107;108;217;216;176;177;178;179;186;180;187;189;188;192;190;195;191;185;184;183;182;181;170;171;172;175;174;173;169;138;167;168;166;139;140;234;235;236;249;248;247;246;245;244;252;254;253;259;265;264;263;284;303;302;304;305;306;307;301;300;299;296;297;298;295;294;293;291;292;290;288;287;285;286;289;267;266;268;269;273;271;351;356;353;357;272;363;364;362;360;361;270;261;260;262;255;256;257;370;375;371;376;378;377;258;379;380;381;382;383;384;423;420;421;408;419;374;417;418;373;372;365;359;366;367;369;368;404;406;409;410;422;425;424;426;427;431;432;430;385;386;387;388;152;151;150;149;147;250;251;243;242;146;240;241;237;239;238;145;144;143;142;141;148;153;434;433;487;486;429;416;428;415;414;413;411;407;405;398;397;402;403;401;400;358;355;354;352;346;349;350;335;347;334;333;345;332;344;342;343;341;340;338;337;339;336;274;275;276;277;278;279;280;281;282;283;328;329;330;326;325;321;327;331;389;392;396;393;394;391;390;441;440;439;315;313;314;323;322;324;320;318;317;319;316;311;310;436;312;438;447;448;437;463;464;462;461;449;450;457;456;455;451;452;453;445;443;442;395;399;444;412;446;454;488;493;489;490;492;491;519;459;458;460;520;521;524;525;514;523;515;522;517;516;518;494;495;497;435;496;499;500;498;501;155;154;157;156;158;162;161;160;164;203;204;205;201;200;199;198;197;196;193;194;206;207;220;218;219;228;227;226;224;215;225;221;222;223;211;213;208;209;210;212;214;229;230;232;231;233;202;165;508;507;505;506;163;159;503;504;502;513;512;511;510;509;526;528;527;529;535;536;538;537;534;533;532;531;530;472;471;470;469;473;468;465;466;467;474;475;476;481;483;482;485;619;618;617;615;616;614;612;603;602;601;560;545;544;559;543;539;540;542;541;547;550;553;554;557;558;556;555;551;548;552;549;546;561;562;563;564;573;572;571;569;570;567;565;566;568;606;604;605;609;610;611;613;620;621;622;631;632;633;634;600;599;608;607;598;597;595;596;594;591;589;588;587;576;574;577;575;578;579;580;581;582;583;584;586;590;585;592;593;639;647;640;641;642;643;665;648;649;651;650;644;645;646;636;638;637;635;630;629;628;627;626;625;624;623;484;477;480;479;478;1;3;2;4;5;18;19;7;6;9;8;11;10;24;26;33;34;35;40;64;63;62;60;59;58;61;57;56;55;54;53;52;28;27;25;23;22;20;21;659;658;657;656;655;654;652;653;660;662;661;663;664;348;
Melhor Alcançado;336936.000000; Geração;4
Qtde de Entradas Recursivas;0; Qtde Execuções Recursivas;0; Qtde Execuções das Combinações;0



