Instância;files/gr666.xml
Execução;1 / 3
Tamanho da Populaçap;200
Máximo de gerações;300
Mutação;5
Cruzamento;5
% Manpulação;30
% Mutação;20
Print Parcial;1
Ativa Recursivo;0
Percentual de Redução;77
Profundidade Máxima;5
Percentual de Eltismo;70
Seleção para Cruzamento;0
Forma de Seleção par Mutação;1

Geração 1 / 300:;Profundidade;0;Melhor;4118694.000000;Pior;4760124.000000;Media;4445565.835000;Tempo;2347.000000
Geração 2 / 300:;Profundidade;0;Melhor;4079634.000000;Pior;4865187.000000;Media;4434075.210000;Tempo;4650.000000
Temmpo de execução;4650.000000
melhor;4079634.000000
Individuo;0;473;172;150;4;5;6;7;35;290;10;74;125;403;14;15;16;17;551;149;20;21;50;134;642;664;26;27;199;455;245;31;32;33;34;643;375;395;38;39;40;102;42;43;44;45;663;47;48;367;268;319;212;53;279;71;56;493;58;431;115;518;62;63;64;13;66;67;143;320;70;57;401;292;659;148;236;396;183;394;393;392;391;216;622;25;387;498;623;384;655;564;238;114;95;644;540;376;36;450;373;372;191;314;369;468;49;206;365;632;612;94;93;258;321;358;371;213;77;379;353;541;276;46;349;247;347;346;390;170;343;160;341;556;339;338;219;28;335;576;333;196;331;330;329;251;327;326;121;324;323;322;555;229;535;577;317;316;122;524;313;370;634;609;554;328;434;345;305;304;65;592;301;300;299;298;297;469;381;248;293;366;378;504;662;194;287;186;55;257;283;282;281;280;113;19;277;106;286;274;273;272;619;127;269;22;261;653;265;344;628;262;267;420;181;404;350;256;453;254;253;411;308;11;133;278;348;59;111;452;243;180;241;465;239;295;237;397;235;184;233;232;537;81;142;228;2;68;352;589;171;110;240;174;454;119;92;399;215;214;501;9;364;197;209;208;207;497;205;204;203;435;201;141;336;359;210;354;195;288;356;120;495;250;189;419;296;508;185;220;380;182;124;242;424;383;259;266;654;271;461;649;368;647;646;645;291;23;190;641;640;135;101;177;351;175;506;578;405;223;264;466;400;440;123;534;164;163;471;545;485;548;446;546;156;155;154;418;152;54;639;513;51;627;531;652;144;226;374;200;140;139;607;137;613;310;8;426;132;131;130;129;176;536;126;270;12;166;315;593;355;157;456;109;116;60;385;437;112;193;522;557;108;601;128;357;104;103;41;563;61;234;98;97;3;332;187;361;334;91;90;303;325;87;86;85;84;83;82;89;80;79;412;624;407;614;75;73;72;574;570;309;611;610;88;608;159;635;24;389;603;451;591;600;388;598;597;660;595;594;312;302;512;96;626;588;587;526;585;584;583;224;582;580;579;630;221;439;413;479;573;618;571;477;569;568;567;566;565;360;306;648;561;560;559;558;651;340;76;105;146;552;18;550;549;225;605;494;161;544;543;542;37;377;539;538;231;421;398;406;533;636;382;530;529;528;527;586;525;192;523;222;521;520;118;487;517;516;99;514;151;474;511;510;509;275;507;69;427;617;162;502;30;423;499;117;168;433;337;218;402;606;491;490;489;488;100;486;263;484;483;482;481;480;462;478;136;476;147;284;1;178;503;596;362;470;467;169;318;165;665;202;650;460;436;458;457;519;492;285;255;581;602;107;633;448;447;246;445;444;443;442;441;138;572;438;294;459;464;307;179;553;547;430;429;428;505;249;425;496;500;422;145;260;615;153;417;416;415;414;575;244;386;410;409;408;198;432;227;158;230;217;188;616;52;604;252;620;621;590;167;363;78;515;475;342;629;173;631;211;449;311;625;532;472;638;656;657;658;637;29;661;289;562;599;463;
Melhor Alcançado;1000000.000000; Geração;165729480
Qtde de Entradas Recursivas;0; Qtde Execuções Recursivas;0; Qtde Execuções das Combinações;0



