Instância;./files/gr666.xml
Execução;13 / 25
Tamanho da Populaçap;200
Máximo de gerações;300
Mutação;6
Cruzamento;2
% Manpulação;30
% Mutação;2
Print Parcial;1
Ativa Recursivo;0
Percentual de Redução;78
Profundidade Máxima;100
Percentual de Eltismo;70
Seleção para Cruzamento;0
Forma de Seleção par Mutação;1

Geração 1 / 300:;Profundidade;0;Melhor;413006.000000;Pior;4711668.000000;Media;4329284.330000;Tempo;3496.000000
Geração 2 / 300:;Profundidade;0;Melhor;353928.000000;Pior;4662802.000000;Media;4236898.575000;Tempo;6941.000000
Geração 3 / 300:;Profundidade;0;Melhor;335478.000000;Pior;4542777.000000;Media;4104297.885000;Tempo;10381.000000
Geração 4 / 300:;Profundidade;0;Melhor;330247.000000;Pior;4589421.000000;Media;4026690.295000;Tempo;13771.000000
Geração 5 / 300:;Profundidade;0;Melhor;329670.000000;Pior;4580744.000000;Media;3907375.645000;Tempo;17253.000000
Temmpo de execução;17253.000000
melhor;329670.000000
Individuo;0;1;2;478;3;4;5;18;19;7;6;9;8;11;10;29;30;31;32;38;44;49;39;40;35;34;33;26;24;21;20;22;23;25;27;28;52;53;54;55;56;57;61;58;59;60;62;63;66;67;68;69;65;64;72;73;50;51;75;74;76;77;78;88;87;82;86;81;80;79;85;84;83;135;134;133;132;130;131;129;128;127;124;123;122;121;119;118;120;117;113;111;112;110;109;106;105;115;114;116;104;103;102;125;126;136;137;101;99;100;98;97;96;95;94;93;90;89;91;71;70;92;663;664;665;107;108;217;216;176;177;178;179;180;186;187;192;188;189;190;185;184;183;148;170;182;181;171;172;174;173;175;169;138;167;168;166;139;234;140;141;143;142;144;145;238;237;235;249;236;247;246;241;239;240;146;242;243;245;248;253;254;252;244;251;250;147;149;379;150;151;152;388;385;387;386;153;434;487;433;432;430;431;427;426;424;425;384;383;382;381;380;258;375;371;370;257;256;255;262;260;261;259;266;265;264;263;284;302;303;304;305;306;297;296;299;298;295;294;293;291;292;290;288;287;285;289;286;267;268;270;360;361;362;364;363;272;356;357;353;355;354;352;351;273;271;269;276;277;278;275;274;336;337;338;339;340;344;332;342;343;341;279;280;281;282;283;328;333;345;346;334;347;348;349;350;401;400;358;367;366;359;365;373;372;376;377;378;420;423;421;419;418;374;417;369;368;404;403;402;397;398;405;407;406;408;422;410;409;411;413;414;415;412;446;454;416;428;429;486;488;490;489;493;435;155;154;157;156;158;501;498;500;499;497;496;495;494;492;491;459;458;519;518;517;516;522;523;515;514;524;525;526;509;510;511;512;513;508;507;165;164;506;505;504;503;502;159;163;160;161;162;191;195;194;193;206;207;218;219;220;228;227;224;226;225;215;222;223;221;211;214;213;212;210;208;209;196;197;198;199;200;201;205;204;203;202;231;230;229;232;233;558;554;557;556;555;552;549;546;562;563;564;573;565;566;567;569;570;572;571;574;577;578;575;576;579;580;581;582;583;584;586;587;588;589;590;585;639;647;640;641;643;642;644;648;649;650;651;652;654;653;662;661;660;659;658;657;656;655;645;646;638;637;636;593;592;591;594;596;595;597;635;634;632;633;631;622;621;620;617;613;610;609;611;608;600;599;598;607;568;606;605;604;602;603;612;614;615;616;618;619;485;624;628;627;630;629;626;625;623;484;479;480;477;482;483;481;476;475;474;467;466;465;468;469;473;601;560;561;559;545;544;543;548;551;553;550;547;541;542;540;539;531;533;532;534;536;537;538;535;529;530;470;472;471;528;527;521;520;460;457;456;455;451;452;453;445;444;399;394;395;442;443;440;315;313;314;439;438;447;448;449;450;461;462;464;463;437;312;436;310;311;316;323;322;324;441;390;391;393;396;392;335;389;331;329;330;326;327;321;325;320;319;317;318;300;301;307;308;309;17;16;14;15;45;46;47;48;42;12;43;41;36;37;13;
Melhor Alcançado;329670.000000; Geração;5
Qtde de Entradas Recursivas;0; Qtde Execuções Recursivas;0; Qtde Execuções das Combinações;0



