Instância;files/gr666.xml
Execução;1 / 3
Tamanho da Populaçap;200
Máximo de gerações;300
Mutação;5
Cruzamento;13
% Manpulação;30
% Mutação;20
Print Parcial;1
Ativa Recursivo;0
Percentual de Redução;77
Profundidade Máxima;5
Percentual de Eltismo;70
Seleção para Cruzamento;0
Forma de Seleção par Mutação;1

Geração 1 / 300:;Profundidade;0;Melhor;4163687.000000;Pior;4997379.000000;Media;4524867.820000;Tempo;2350.000000
Geração 2 / 300:;Profundidade;0;Melhor;4125941.000000;Pior;5116418.000000;Media;4552570.245000;Tempo;4785.000000
Temmpo de execução;4785.000000
melhor;4125941.000000
Individuo;0;361;137;620;151;5;6;7;22;27;237;144;61;13;14;15;158;233;108;333;349;564;400;23;24;213;522;526;660;29;409;31;565;194;601;309;36;261;135;68;40;407;42;41;115;480;334;47;260;49;50;51;52;654;37;55;594;57;58;132;331;459;635;63;62;634;171;577;631;630;629;628;627;239;625;373;201;391;621;152;619;618;378;30;178;614;446;417;285;610;609;608;607;606;399;74;603;377;517;600;75;598;597;637;595;56;570;193;353;217;90;524;436;586;585;584;651;582;506;568;311;19;632;644;575;508;456;572;590;593;569;45;114;414;505;557;563;562;39;120;214;558;21;166;507;286;419;643;561;315;70;282;72;9;268;410;264;77;53;79;516;295;32;445;202;641;93;471;88;89;131;91;337;482;94;95;121;571;283;539;662;256;408;326;421;253;398;509;478;109;110;111;112;578;567;342;116;250;195;599;560;381;122;123;591;501;126;127;289;129;130;146;59;133;617;266;136;107;176;139;140;141;173;143;155;145;612;626;490;367;150;496;3;403;154;254;189;276;16;159;374;216;162;262;423;165;556;167;168;530;38;300;392;142;138;175;174;177;372;179;180;181;182;183;343;185;397;187;231;448;190;324;465;156;386;118;461;197;198;369;200;623;84;203;204;657;504;207;82;209;210;153;314;25;33;215;592;67;218;470;220;221;222;319;224;338;226;227;663;229;230;188;232;17;234;235;529;10;238;383;157;223;649;648;647;199;645;576;366;18;379;640;639;583;415;581;589;554;553;588;551;653;580;548;356;546;219;345;543;473;48;540;545;538;354;536;535;375;533;532;531;169;328;206;547;604;525;164;523;80;521;520;519;491;76;308;474;514;513;512;511;510;443;574;332;98;371;355;271;502;28;500;499;404;244;440;44;245;493;492;402;148;489;73;487;103;97;616;11;296;481;252;426;642;624;318;475;515;161;258;87;255;469;357;527;466;192;464;463;248;196;327;12;458;310;573;455;454;85;452;451;450;294;191;495;613;83;99;449;442;441;4;542;438;437;432;435;434;479;347;431;330;336;298;287;636;425;424;485;422;486;420;66;405;106;288;242;566;413;412;411;323;484;329;20;406;292;498;211;427;401;8;128;277;186;444;395;394;241;476;622;390;528;388;119;54;385;384;346;344;243;497;290;246;247;462;149;559;104;101;105;2;124;552;257;113;81;541;134;163;263;86;365;43;430;544;269;270;275;92;273;274;503;605;555;278;279;280;26;71;494;284;611;251;34;312;477;433;170;393;293;453;340;65;297;212;299;633;416;102;303;304;305;306;307;281;35;457;579;301;488;428;368;316;172;96;418;320;321;147;387;439;325;518;460;236;205;78;664;64;472;46;348;240;272;225;339;322;341;117;184;382;313;389;587;335;291;350;351;352;396;537;259;467;468;208;359;360;1;362;363;364;265;60;249;447;358;370;646;615;429;160;267;376;602;69;483;380;100;125;650;638;652;550;534;655;656;228;658;659;596;661;317;302;549;665;
Melhor Alcançado;1000000.000000; Geração;808598384
Qtde de Entradas Recursivas;0; Qtde Execuções Recursivas;0; Qtde Execuções das Combinações;0



