Instância;./files/gr666.xml
Execução;1 / 25
Tamanho da Populaçap;200
Máximo de gerações;300
Mutação;6
Cruzamento;4
% Manpulação;30
% Mutação;2
Print Parcial;1
Ativa Recursivo;0
Percentual de Redução;78
Profundidade Máxima;100
Percentual de Eltismo;70
Seleção para Cruzamento;0
Forma de Seleção par Mutação;1

Geração 1 / 300:;Profundidade;0;Melhor;417013.000000;Pior;4666360.000000;Media;4346165.650000;Tempo;3782.000000
Geração 2 / 300:;Profundidade;0;Melhor;349076.000000;Pior;4759246.000000;Media;4207828.385000;Tempo;7500.000000
Geração 3 / 300:;Profundidade;0;Melhor;338575.000000;Pior;4571268.000000;Media;4077739.095000;Tempo;11218.000000
Geração 4 / 300:;Profundidade;0;Melhor;335418.000000;Pior;4504411.000000;Media;3900882.555000;Tempo;14905.000000
Temmpo de execução;14905.000000
melhor;335418.000000
Individuo;0;309;310;311;316;318;317;319;322;324;323;440;438;439;315;314;313;312;436;437;463;464;462;461;448;449;450;457;456;455;453;452;451;447;445;443;442;395;441;390;391;393;394;399;444;411;413;414;412;446;454;416;415;426;424;425;430;432;431;427;429;428;486;487;433;434;154;157;158;156;155;501;498;500;499;496;497;495;494;493;435;488;489;490;492;491;458;459;519;460;520;521;522;518;517;516;515;523;514;512;525;524;526;528;527;471;472;470;530;529;535;534;533;531;532;539;540;542;543;548;544;559;545;560;601;473;469;468;465;466;467;474;475;476;477;481;619;618;617;616;615;614;612;613;621;620;485;483;482;484;623;624;625;626;628;627;629;630;631;622;632;633;634;611;610;609;603;602;604;605;606;568;566;567;569;570;607;598;608;600;599;597;596;595;594;591;592;593;636;638;637;635;658;657;656;655;654;652;653;651;650;649;648;665;640;641;642;643;644;645;646;647;639;585;590;584;583;582;581;580;586;589;588;587;576;579;578;575;577;574;572;571;573;564;565;563;562;546;561;549;552;551;555;557;556;558;554;553;550;547;541;536;537;538;509;510;511;513;504;502;503;159;160;161;162;163;506;505;507;508;165;164;201;203;205;204;202;233;231;230;232;229;213;214;212;211;221;223;222;215;225;226;227;224;219;218;220;228;217;216;188;189;190;192;193;194;206;207;210;209;208;198;199;200;197;196;195;191;185;184;183;187;186;180;179;178;177;181;182;170;171;172;176;175;174;173;169;168;138;167;166;139;140;234;236;249;247;235;237;241;240;239;238;145;144;143;142;141;148;152;153;388;386;385;387;381;382;383;384;423;421;420;378;380;377;376;373;372;365;358;359;366;367;403;404;369;417;374;418;419;408;406;409;410;422;407;405;398;397;402;396;392;389;335;334;347;348;349;350;401;400;346;345;333;330;326;325;320;321;327;331;329;328;283;282;281;280;278;275;279;339;341;342;343;332;344;340;337;338;336;274;273;351;272;356;353;352;354;355;357;364;362;363;361;360;262;255;256;257;370;371;375;258;379;150;151;149;147;146;242;243;250;251;244;252;254;245;246;248;253;259;260;261;270;271;269;276;277;289;286;267;268;266;265;264;263;284;285;287;288;290;294;293;292;291;304;303;302;306;305;295;296;297;298;299;300;301;307;308;11;10;29;30;31;32;39;38;36;37;41;12;13;14;15;16;17;45;46;47;48;42;43;44;49;40;35;34;33;26;27;28;52;25;23;22;21;20;24;8;9;6;7;19;18;5;4;3;2;1;478;480;479;659;660;662;661;663;664;107;108;109;106;105;115;114;113;111;112;110;118;119;120;121;122;123;124;127;128;129;131;130;132;134;133;135;83;84;85;81;80;79;78;77;76;51;50;72;73;74;75;88;87;82;86;136;137;126;125;117;116;104;102;103;101;99;100;98;97;96;93;94;95;92;91;90;89;71;70;69;68;67;66;65;64;63;60;62;61;58;59;55;54;53;56;57;368;
Melhor Alcançado;335418.000000; Geração;4
Qtde de Entradas Recursivas;0; Qtde Execuções Recursivas;0; Qtde Execuções das Combinações;0



