Instância;./files/gr666.xml
Execução;12 / 25
Tamanho da Populaçap;200
Máximo de gerações;300
Mutação;6
Cruzamento;0
% Manpulação;30
% Mutação;2
Print Parcial;1
Ativa Recursivo;0
Percentual de Redução;78
Profundidade Máxima;100
Percentual de Eltismo;70
Seleção para Cruzamento;0
Forma de Seleção par Mutação;1

Geração 1 / 300:;Profundidade;0;Melhor;424615.000000;Pior;4785943.000000;Media;4344045.085000;Tempo;3542.000000
Geração 2 / 300:;Profundidade;0;Melhor;365759.000000;Pior;4806821.000000;Media;4241447.375000;Tempo;7041.000000
Geração 3 / 300:;Profundidade;0;Melhor;343955.000000;Pior;4770969.000000;Media;4159174.670000;Tempo;10501.000000
Geração 4 / 300:;Profundidade;0;Melhor;340966.000000;Pior;5011964.000000;Media;4046343.095000;Tempo;13997.000000
Geração 5 / 300:;Profundidade;0;Melhor;338545.000000;Pior;5084863.000000;Media;3856714.560000;Tempo;17513.000000
Temmpo de execução;17513.000000
melhor;338545.000000
Individuo;0;309;308;307;301;300;298;296;297;305;306;304;303;302;284;263;264;266;268;269;276;277;275;278;280;281;282;279;274;336;339;337;338;341;340;342;343;344;332;283;333;328;329;330;326;325;321;327;331;389;335;334;347;348;349;350;346;345;352;353;356;272;351;273;271;363;364;362;361;360;270;261;260;262;255;257;256;370;371;375;258;378;377;376;372;373;374;417;418;420;421;422;410;409;408;419;369;404;368;367;366;359;365;357;354;355;358;400;401;403;402;398;397;396;392;391;390;441;395;393;394;399;444;405;406;407;411;413;414;412;415;416;428;429;426;427;431;432;430;425;424;423;384;383;382;381;380;379;387;386;385;388;153;148;152;151;150;149;147;250;251;244;254;252;245;243;242;146;239;240;241;237;238;145;144;143;142;141;139;140;234;235;236;249;247;246;248;253;259;265;267;286;289;285;288;287;290;291;292;293;294;295;299;317;318;320;319;316;311;310;436;312;313;439;315;314;323;322;324;440;442;443;445;446;454;453;452;451;455;456;457;460;520;521;524;525;523;514;515;516;522;517;518;519;458;459;491;490;492;494;495;496;498;501;500;499;497;435;493;489;488;486;487;433;434;154;157;156;155;158;162;161;160;164;165;508;507;505;506;163;159;503;504;502;513;511;512;510;509;526;527;528;529;535;537;538;536;534;533;532;539;543;544;545;559;560;601;606;605;604;602;603;609;611;610;612;614;475;616;615;613;617;618;620;621;485;619;481;483;482;484;623;624;625;626;628;629;630;627;631;622;632;633;634;600;599;608;598;607;568;569;570;572;571;587;588;596;595;597;594;591;592;636;635;658;657;637;656;638;646;645;644;643;642;641;640;647;639;593;585;590;589;586;584;583;582;581;580;579;578;576;575;574;577;573;567;566;565;564;563;561;562;546;549;548;552;551;555;556;557;558;554;553;550;547;541;542;540;531;530;472;471;470;469;473;468;465;466;462;461;450;449;448;447;438;437;463;464;467;474;476;477;479;480;478;1;3;2;4;659;660;661;664;663;662;653;654;652;655;651;649;650;648;665;107;108;110;111;113;114;109;106;105;115;104;116;117;125;126;102;103;101;100;99;98;97;92;71;70;69;67;66;68;65;64;63;60;62;61;59;58;57;56;55;54;53;52;28;34;35;40;39;38;32;33;26;27;25;23;22;20;21;24;18;5;19;7;6;9;8;11;10;29;30;31;37;36;41;12;13;14;15;16;17;45;46;47;48;42;43;44;49;51;50;72;73;75;74;76;77;78;79;80;81;85;86;82;87;88;89;90;91;93;94;95;96;137;136;84;83;135;134;133;132;131;130;129;128;127;124;123;122;121;119;120;118;217;216;188;192;189;190;194;193;206;207;218;219;220;228;227;226;224;225;215;222;223;221;211;210;209;208;212;213;214;229;230;232;231;233;202;203;205;204;201;200;198;199;197;196;195;191;185;184;183;187;180;186;179;178;177;176;172;175;174;173;169;168;138;167;166;171;181;182;170;112;
Melhor Alcançado;338545.000000; Geração;5
Qtde de Entradas Recursivas;0; Qtde Execuções Recursivas;0; Qtde Execuções das Combinações;0



