Instância;./files/gr666.xml
Execução;4 / 25
Tamanho da Populaçap;200
Máximo de gerações;300
Mutação;6
Cruzamento;3
% Manpulação;30
% Mutação;2
Print Parcial;1
Ativa Recursivo;0
Percentual de Redução;78
Profundidade Máxima;100
Percentual de Eltismo;70
Seleção para Cruzamento;0
Forma de Seleção par Mutação;1

Geração 1 / 300:;Profundidade;0;Melhor;413195.000000;Pior;4833438.000000;Media;4371536.255000;Tempo;3754.000000
Geração 2 / 300:;Profundidade;0;Melhor;340141.000000;Pior;4733353.000000;Media;4280682.450000;Tempo;7463.000000
Geração 3 / 300:;Profundidade;0;Melhor;325414.000000;Pior;4760918.000000;Media;4186723.190000;Tempo;11205.000000
Geração 4 / 300:;Profundidade;0;Melhor;320097.000000;Pior;4723521.000000;Media;4087042.195000;Tempo;14849.000000
Temmpo de execução;14849.000000
melhor;320097.000000
Individuo;0;309;308;307;301;300;316;317;318;319;320;322;323;324;321;327;325;326;330;329;331;389;335;334;333;328;283;332;344;340;343;342;341;338;337;339;336;274;279;282;281;280;278;277;275;276;273;351;356;357;353;354;352;345;346;347;348;349;350;400;401;403;404;368;369;367;366;359;358;355;365;372;371;370;262;261;260;270;360;361;362;363;364;272;271;269;268;267;289;286;285;288;290;291;293;292;294;295;296;298;299;297;305;306;304;303;302;287;284;263;265;264;266;259;253;248;245;246;247;249;236;235;241;237;144;146;240;239;145;238;143;142;141;139;140;234;17;16;45;15;14;13;46;47;48;42;12;41;43;44;49;51;50;72;73;75;74;76;77;78;79;81;80;85;83;84;135;134;133;132;131;130;129;128;127;124;123;122;121;120;119;118;117;125;126;102;137;136;96;97;98;99;100;101;103;104;116;114;115;105;106;109;111;112;113;110;108;107;665;217;216;218;219;220;228;227;226;224;225;215;223;222;221;211;212;210;209;208;196;207;206;194;193;195;191;197;198;199;200;201;204;205;203;213;214;229;230;232;231;233;202;164;165;506;507;508;505;163;159;503;504;502;158;160;161;162;185;184;183;187;189;192;188;190;186;180;179;178;176;177;181;171;172;175;174;173;169;168;167;138;166;170;182;148;153;152;151;150;379;149;147;250;242;243;251;244;252;254;255;256;257;375;258;380;377;378;376;373;417;374;418;419;421;423;420;382;381;387;388;386;385;384;383;425;424;430;487;486;429;428;416;412;446;454;488;490;489;493;435;494;495;496;497;499;501;498;500;155;156;157;154;434;433;432;431;427;426;415;414;413;411;409;410;422;408;406;407;405;444;395;399;394;393;398;397;402;396;392;391;390;441;440;442;443;445;453;452;455;451;447;438;439;315;314;313;312;311;310;436;437;463;464;466;467;474;475;476;477;480;479;478;2;1;3;4;18;5;19;7;6;8;9;11;10;30;29;36;37;38;39;40;35;34;33;32;31;26;27;24;20;21;22;23;25;28;52;53;54;56;57;55;58;59;60;61;62;63;64;65;67;66;68;69;70;71;88;87;82;86;89;90;91;93;94;95;92;664;663;661;662;660;659;653;652;654;655;651;650;649;648;643;642;644;645;641;640;647;646;637;638;636;656;657;658;635;594;595;596;591;592;593;639;585;590;589;586;584;583;582;581;580;579;576;575;574;577;578;587;588;571;572;569;570;607;598;597;599;608;600;634;633;632;631;630;627;629;628;626;625;624;623;483;484;482;481;619;485;622;621;620;618;616;615;617;613;611;610;609;614;612;603;602;604;605;606;568;566;567;573;565;564;563;562;546;549;560;601;559;545;544;543;540;539;532;533;534;531;530;471;472;470;469;473;468;465;462;461;448;449;450;456;457;458;459;491;492;518;517;516;522;519;460;520;521;524;515;523;514;513;512;511;509;510;525;526;527;528;529;535;536;537;538;541;542;547;550;553;554;558;557;556;555;551;552;548;561;
Melhor Alcançado;320097.000000; Geração;4
Qtde de Entradas Recursivas;0; Qtde Execuções Recursivas;0; Qtde Execuções das Combinações;0



