Instância;./files/gr666.xml
Execução;3 / 25
Tamanho da Populaçap;200
Máximo de gerações;300
Mutação;6
Cruzamento;5
% Manpulação;30
% Mutação;2
Print Parcial;1
Ativa Recursivo;0
Percentual de Redução;78
Profundidade Máxima;100
Percentual de Eltismo;70
Seleção para Cruzamento;0
Forma de Seleção par Mutação;1

Geração 1 / 300:;Profundidade;0;Melhor;413715.000000;Pior;4831648.000000;Media;4371072.295000;Tempo;3793.000000
Geração 2 / 300:;Profundidade;0;Melhor;348403.000000;Pior;4776082.000000;Media;4288531.810000;Tempo;7532.000000
Geração 3 / 300:;Profundidade;0;Melhor;331641.000000;Pior;4727106.000000;Media;4182978.440000;Tempo;11267.000000
Geração 4 / 300:;Profundidade;0;Melhor;327872.000000;Pior;4730583.000000;Media;4105526.520000;Tempo;14999.000000
Temmpo de execução;14999.000000
melhor;327872.000000
Individuo;0;310;436;311;316;319;320;321;327;331;389;335;392;396;393;397;402;398;407;405;444;399;394;391;390;441;395;442;443;440;324;322;323;314;439;315;313;312;438;447;448;449;450;462;461;437;463;464;477;480;479;482;483;484;623;624;625;626;628;627;629;630;631;632;633;634;611;610;609;607;598;608;600;599;597;596;595;594;591;592;593;639;585;590;589;586;583;584;582;580;581;579;578;577;574;575;576;587;588;571;572;573;564;562;561;546;549;552;548;551;555;558;557;556;554;553;550;547;542;541;537;538;536;534;533;531;532;539;540;543;544;545;559;560;601;563;565;566;567;569;570;568;606;605;604;602;603;612;614;616;615;613;617;618;620;621;622;485;619;481;476;475;474;467;466;465;468;473;469;470;471;472;530;535;529;528;527;460;520;521;524;525;526;509;510;512;511;513;514;523;515;522;516;517;519;518;494;495;496;497;435;499;498;501;500;155;156;158;157;154;153;152;151;150;387;388;386;385;383;384;382;381;380;379;149;147;251;250;243;242;146;240;237;238;145;142;141;143;144;239;241;246;245;252;244;254;259;266;268;267;286;289;276;277;275;278;279;280;282;281;283;332;344;340;343;341;342;339;338;337;336;274;269;273;351;271;270;363;364;362;361;360;262;260;261;255;257;256;258;375;370;371;372;376;377;378;373;366;365;359;358;367;369;419;417;374;418;420;421;423;424;426;415;416;428;429;427;431;425;430;432;433;434;487;486;488;493;489;490;492;491;459;458;457;456;451;452;453;455;454;446;445;412;414;413;411;422;410;409;408;406;404;368;403;401;400;349;350;348;347;334;346;355;354;357;356;272;353;352;345;333;328;329;330;326;325;318;317;300;301;307;302;303;304;305;306;297;296;298;299;295;294;292;291;293;290;288;285;287;284;263;264;265;248;247;249;236;235;234;140;139;166;168;138;167;169;173;174;175;176;172;171;170;148;185;184;183;182;181;179;177;178;180;186;187;189;190;188;192;193;194;195;197;191;162;161;160;159;503;504;502;163;506;505;508;507;165;164;202;233;231;232;229;230;205;204;203;201;200;199;198;196;208;209;210;212;213;214;211;221;222;224;223;215;225;226;227;228;220;218;219;207;206;216;217;108;107;665;648;649;650;651;645;644;642;643;641;640;647;646;638;637;636;635;658;657;656;655;654;652;653;662;660;659;661;663;664;92;95;97;98;100;99;101;103;102;126;125;117;104;116;114;115;105;106;109;110;111;112;113;118;119;120;121;122;123;124;128;127;129;131;130;132;134;133;135;83;84;85;136;137;96;94;93;91;90;88;87;82;86;80;79;81;78;77;76;75;74;73;51;50;49;44;43;37;36;41;12;42;48;47;46;45;13;14;15;16;17;308;309;1;478;3;2;4;5;18;19;7;6;8;9;11;10;29;30;31;32;38;39;40;35;34;33;26;27;24;20;21;22;23;25;28;52;53;54;55;56;57;61;58;59;60;62;63;64;72;65;66;67;68;69;70;71;89;253;
Melhor Alcançado;327872.000000; Geração;4
Qtde de Entradas Recursivas;0; Qtde Execuções Recursivas;0; Qtde Execuções das Combinações;0



