Instância;./files/gr666.xml
Execução;23 / 25
Tamanho da Populaçap;200
Máximo de gerações;300
Mutação;6
Cruzamento;5
% Manpulação;30
% Mutação;2
Print Parcial;1
Ativa Recursivo;0
Percentual de Redução;78
Profundidade Máxima;100
Percentual de Eltismo;70
Seleção para Cruzamento;0
Forma de Seleção par Mutação;1

Geração 1 / 300:;Profundidade;0;Melhor;425317.000000;Pior;4742342.000000;Media;4388541.125000;Tempo;3790.000000
Geração 2 / 300:;Profundidade;0;Melhor;365593.000000;Pior;4827966.000000;Media;4295565.870000;Tempo;7534.000000
Geração 3 / 300:;Profundidade;0;Melhor;353065.000000;Pior;4748785.000000;Media;4213120.680000;Tempo;11257.000000
Geração 4 / 300:;Profundidade;0;Melhor;350544.000000;Pior;4769674.000000;Media;4116338.580000;Tempo;14979.000000
Temmpo de execução;14979.000000
melhor;350544.000000
Individuo;0;464;467;466;465;468;469;473;475;474;476;481;618;619;485;621;620;617;616;615;613;610;611;609;612;614;603;602;604;605;606;560;601;559;545;544;543;539;540;542;541;536;534;532;533;531;530;472;470;471;527;528;529;535;538;537;547;550;548;551;553;554;557;558;556;555;552;549;546;561;562;563;564;565;566;567;573;572;571;570;569;568;607;598;599;608;600;634;633;632;622;631;630;627;629;628;626;625;624;623;484;483;482;477;480;479;478;1;2;3;4;5;18;19;7;6;11;9;8;10;29;30;36;37;38;32;39;40;35;34;33;31;26;27;24;20;21;22;23;25;28;52;53;57;56;54;55;60;59;58;61;62;92;70;69;68;67;66;65;63;64;72;73;74;76;75;51;50;49;44;43;41;42;48;47;46;12;13;14;15;45;16;17;308;309;307;301;300;318;317;319;320;321;327;325;326;330;331;389;335;396;401;400;349;350;348;347;334;346;345;333;329;328;283;332;344;343;342;341;340;339;338;337;336;274;279;281;282;280;277;278;275;276;268;266;267;286;289;285;287;288;290;291;292;293;294;295;298;299;296;297;305;306;304;302;303;284;263;264;265;259;253;254;252;245;244;255;256;257;370;262;261;260;360;361;362;363;364;270;269;273;271;351;356;272;357;353;352;354;355;358;359;365;366;367;369;368;403;404;406;408;419;418;374;417;373;372;371;375;258;377;376;378;380;381;382;383;384;387;385;386;388;151;379;150;149;147;251;250;242;243;246;248;247;249;236;235;234;140;139;141;143;142;144;145;237;238;241;239;240;146;148;152;153;433;432;430;425;431;427;426;424;423;420;421;422;410;409;407;405;444;399;394;393;397;398;402;392;391;390;441;395;442;443;440;324;322;323;316;311;310;436;312;313;314;315;439;438;437;463;462;461;449;450;456;448;447;451;452;445;453;455;454;446;412;411;413;414;415;416;428;429;486;487;434;154;156;157;155;500;501;498;499;435;497;496;495;494;493;488;489;490;492;491;518;517;516;522;519;459;458;457;460;520;521;524;523;515;514;525;526;509;510;511;512;513;508;505;506;507;165;164;163;159;504;503;502;158;160;162;161;197;198;199;200;201;203;204;205;202;233;231;232;230;229;214;213;212;211;210;209;208;196;207;206;194;193;195;191;184;185;183;187;189;190;192;188;180;186;179;178;176;177;181;182;170;171;172;175;174;173;169;166;168;167;138;132;133;134;131;130;129;217;216;218;219;220;224;222;221;223;215;225;226;227;228;665;108;107;106;105;115;114;113;109;110;112;111;118;119;117;120;121;122;123;124;128;127;125;126;102;103;116;104;100;99;101;137;136;83;84;85;81;80;79;78;77;86;82;87;88;71;89;90;91;94;93;95;96;97;98;664;663;661;662;653;660;659;658;657;635;636;637;638;646;645;655;656;654;652;651;649;650;648;644;642;643;641;640;647;639;585;593;592;591;594;595;596;597;588;587;578;574;577;575;576;579;580;581;582;583;584;590;589;586;135;
Melhor Alcançado;350544.000000; Geração;4
Qtde de Entradas Recursivas;0; Qtde Execuções Recursivas;0; Qtde Execuções das Combinações;0



