Instância;./files/gr666.xml
Execução;14 / 25
Tamanho da Populaçap;200
Máximo de gerações;300
Mutação;6
Cruzamento;5
% Manpulação;30
% Mutação;2
Print Parcial;1
Ativa Recursivo;0
Percentual de Redução;78
Profundidade Máxima;100
Percentual de Eltismo;70
Seleção para Cruzamento;0
Forma de Seleção par Mutação;1

Geração 1 / 300:;Profundidade;0;Melhor;415330.000000;Pior;4768681.000000;Media;4359176.015000;Tempo;3776.000000
Geração 2 / 300:;Profundidade;0;Melhor;358022.000000;Pior;4718019.000000;Media;4280060.230000;Tempo;7506.000000
Geração 3 / 300:;Profundidade;0;Melhor;338367.000000;Pior;4752695.000000;Media;4199239.915000;Tempo;11237.000000
Geração 4 / 300:;Profundidade;0;Melhor;334312.000000;Pior;4800800.000000;Media;4099193.235000;Tempo;14960.000000
Temmpo de execução;14960.000000
melhor;334312.000000
Individuo;0;309;308;307;301;300;318;317;319;316;311;310;436;437;312;313;438;439;315;314;323;322;324;440;442;443;447;448;449;450;461;462;463;464;477;482;484;479;480;478;1;3;2;4;5;18;20;21;22;23;25;28;27;26;24;19;7;6;9;11;8;10;29;30;36;37;41;12;13;14;15;17;16;45;46;48;47;42;43;39;38;31;32;33;34;35;40;44;49;50;51;74;73;72;65;64;63;55;54;52;53;57;56;58;59;60;62;66;67;68;69;70;92;97;98;99;100;101;137;136;96;94;95;93;91;90;89;88;71;75;76;77;86;87;82;78;80;79;81;85;84;83;135;134;133;132;131;130;129;123;122;121;124;128;127;125;126;102;103;104;116;117;120;119;118;111;112;113;114;115;105;106;110;109;108;107;665;648;649;651;650;655;654;652;653;662;664;663;661;660;659;658;657;637;656;638;646;645;644;642;643;641;640;647;639;593;636;635;595;597;596;594;591;592;585;590;589;586;584;583;582;580;581;579;578;577;574;575;576;587;588;571;572;570;569;568;607;598;599;608;600;634;633;632;622;631;630;629;627;628;626;625;624;623;483;481;619;485;618;620;621;617;616;615;613;611;610;609;612;614;603;602;604;605;606;566;567;573;564;565;563;562;561;546;549;552;555;557;558;556;554;553;550;551;548;544;545;560;601;559;543;542;540;539;533;532;531;534;541;547;537;538;536;535;529;530;472;469;473;475;476;474;467;466;465;468;470;471;527;528;526;525;512;511;510;509;508;507;165;506;505;163;164;200;201;203;204;205;202;233;231;232;230;229;214;213;209;208;210;212;211;221;222;223;215;225;226;224;227;228;220;219;218;217;216;207;206;193;194;196;198;199;197;191;195;190;192;189;188;187;180;186;179;177;178;176;172;175;174;173;169;168;138;167;166;171;170;181;182;183;184;185;148;152;151;150;149;379;258;380;381;382;420;421;423;424;426;427;431;433;432;430;425;384;383;385;386;387;388;153;434;487;486;488;493;489;490;492;494;495;497;499;500;501;498;496;435;154;157;155;156;158;162;161;160;159;504;503;502;513;514;515;523;516;518;517;522;524;521;520;460;519;459;491;458;457;456;455;451;452;453;445;412;446;454;416;429;428;415;414;413;411;410;422;409;406;368;404;403;402;397;398;405;407;444;399;395;394;393;396;392;391;441;390;389;335;350;349;401;400;354;355;358;359;365;366;367;369;408;419;417;418;374;373;372;376;378;377;375;371;370;256;257;255;260;261;262;360;361;362;364;363;272;356;357;353;352;337;338;339;340;341;342;343;344;332;345;346;348;347;334;333;331;321;327;320;325;326;330;329;328;283;281;282;280;276;277;275;278;279;336;274;273;271;351;270;269;268;267;264;266;259;254;252;244;251;147;250;243;242;146;240;241;237;238;145;239;144;142;143;141;139;140;234;235;236;249;247;246;245;248;253;265;263;284;302;303;304;306;305;297;296;299;298;295;294;291;292;293;290;287;288;289;286;285;61;
Melhor Alcançado;334312.000000; Geração;4
Qtde de Entradas Recursivas;0; Qtde Execuções Recursivas;0; Qtde Execuções das Combinações;0



