Instância;./files/gr666.xml
Execução;25 / 25
Tamanho da Populaçap;200
Máximo de gerações;300
Mutação;6
Cruzamento;2
% Manpulação;30
% Mutação;2
Print Parcial;1
Ativa Recursivo;0
Percentual de Redução;78
Profundidade Máxima;100
Percentual de Eltismo;70
Seleção para Cruzamento;0
Forma de Seleção par Mutação;1

Geração 1 / 300:;Profundidade;0;Melhor;419371.000000;Pior;4753954.000000;Media;4360282.385000;Tempo;3492.000000
Geração 2 / 300:;Profundidade;0;Melhor;350737.000000;Pior;4700037.000000;Media;4268747.575000;Tempo;6948.000000
Geração 3 / 300:;Profundidade;0;Melhor;339437.000000;Pior;4721641.000000;Media;4142954.590000;Tempo;10392.000000
Geração 4 / 300:;Profundidade;0;Melhor;332636.000000;Pior;4631563.000000;Media;4013211.115000;Tempo;13823.000000
Geração 5 / 300:;Profundidade;0;Melhor;331236.000000;Pior;4610597.000000;Media;3831882.660000;Tempo;17269.000000
Temmpo de execução;17269.000000
melhor;331236.000000
Individuo;0;309;308;307;301;300;318;317;316;311;310;436;437;312;313;314;439;315;438;447;448;450;449;461;462;463;464;467;474;475;476;481;483;485;619;618;617;615;616;614;612;603;602;604;605;606;568;567;566;565;563;564;573;574;577;578;575;576;579;581;580;582;583;584;586;589;590;585;639;647;640;641;643;642;644;651;650;649;648;665;107;108;109;110;111;112;118;119;120;121;122;124;123;128;127;125;117;126;136;137;96;97;98;99;100;101;102;103;104;116;114;115;105;106;664;663;661;662;659;660;653;652;654;655;645;646;638;637;656;657;658;635;636;593;592;591;594;595;596;588;587;571;572;569;570;607;598;597;599;608;600;634;611;609;610;613;620;621;622;632;633;631;630;629;627;628;626;625;624;623;484;482;477;480;479;478;3;1;2;4;5;18;19;20;21;22;23;25;52;28;27;26;24;7;6;9;8;11;10;29;30;31;32;38;37;36;43;41;12;42;48;46;47;45;14;13;15;16;17;234;140;139;141;142;143;144;145;237;238;235;236;249;248;247;246;241;239;240;146;242;243;245;252;254;253;259;266;265;264;263;284;302;303;304;305;306;297;299;298;296;295;294;292;293;291;290;287;288;285;286;289;267;268;269;276;277;275;278;280;281;283;282;279;274;336;338;337;342;343;341;339;340;344;332;345;333;328;329;331;330;326;321;327;325;320;319;322;324;323;440;442;395;443;445;446;454;453;452;451;455;456;457;458;459;519;460;520;521;524;526;527;528;529;534;533;532;531;539;540;542;541;547;550;553;551;554;557;558;556;555;552;548;543;544;559;545;549;546;561;562;560;601;473;466;465;468;469;470;471;472;530;535;536;537;538;509;510;525;511;512;513;514;515;523;522;516;517;518;492;491;490;489;488;486;487;433;432;430;425;424;431;426;427;429;428;416;412;414;415;413;411;407;405;398;444;399;393;394;441;390;391;392;389;335;334;346;347;348;350;349;400;401;396;397;402;403;404;368;406;409;410;422;421;423;420;378;376;377;258;375;371;372;373;418;374;417;419;408;369;367;366;365;359;358;355;354;352;353;357;356;272;273;351;271;270;363;364;362;361;360;261;260;262;370;256;257;255;244;251;250;147;149;379;380;381;382;383;384;385;386;387;150;151;152;388;153;434;154;435;493;494;495;497;496;499;501;498;500;155;156;157;158;502;504;503;159;160;162;161;163;506;505;508;507;165;164;202;233;231;232;230;229;214;213;204;205;203;201;198;199;200;197;196;208;209;210;212;211;221;223;222;215;225;224;226;227;228;220;218;219;207;206;193;194;195;190;191;185;184;183;148;182;181;170;172;171;166;138;167;168;169;173;174;175;176;177;178;179;180;186;187;189;192;188;216;217;129;130;131;132;133;134;135;83;84;85;81;80;79;78;77;76;74;75;86;82;87;88;71;89;90;91;94;93;95;92;70;69;68;65;67;66;63;64;72;73;51;50;49;44;40;39;33;34;35;54;53;57;56;55;58;60;62;61;59;113;
Melhor Alcançado;331236.000000; Geração;5
Qtde de Entradas Recursivas;0; Qtde Execuções Recursivas;0; Qtde Execuções das Combinações;0



