Instância;files/gr666.xml
Execução;3 / 3
Tamanho da Populaçap;200
Máximo de gerações;300
Mutação;5
Cruzamento;7
% Manpulação;30
% Mutação;20
Print Parcial;1
Ativa Recursivo;0
Percentual de Redução;77
Profundidade Máxima;5
Percentual de Eltismo;70
Seleção para Cruzamento;0
Forma de Seleção par Mutação;1

Geração 1 / 300:;Profundidade;0;Melhor;344309.000000;Pior;4534285.000000;Media;3219201.060000;Tempo;2347.000000
Geração 2 / 300:;Profundidade;0;Melhor;341578.000000;Pior;4435686.000000;Media;2001778.835000;Tempo;4482.000000
Temmpo de execução;4482.000000
melhor;341578.000000
Individuo;0;309;308;307;301;300;299;298;296;297;305;306;304;303;302;284;287;288;285;286;289;290;293;294;292;291;295;281;282;280;278;275;277;276;269;268;267;264;265;266;259;253;254;252;244;251;250;243;242;146;240;239;241;237;238;145;144;143;142;141;235;236;249;247;246;245;248;263;270;360;361;362;363;364;272;356;353;352;354;355;358;359;365;366;367;368;404;403;402;397;398;405;407;411;413;414;415;428;429;486;487;433;432;430;425;424;426;427;431;423;421;420;382;383;384;381;380;378;377;376;372;373;374;418;417;419;369;408;409;410;422;406;396;392;391;390;441;395;394;393;399;444;412;446;454;416;488;489;490;493;494;495;496;497;499;500;501;498;155;156;157;154;435;492;491;459;458;519;520;521;524;525;523;515;514;512;511;510;509;526;528;527;471;472;470;469;468;465;466;467;474;473;475;476;481;619;485;483;482;484;623;624;625;626;627;629;630;628;631;632;633;622;621;620;617;613;615;616;614;612;611;610;609;603;602;604;605;606;568;566;567;565;564;573;572;571;570;569;598;607;608;600;599;634;597;596;595;594;591;592;593;639;585;590;586;589;588;587;576;575;574;577;578;579;580;581;582;583;584;640;647;641;642;643;644;645;646;638;637;636;635;658;659;660;662;661;663;664;92;95;94;93;91;90;89;71;70;69;68;67;66;65;64;63;62;60;59;58;61;57;56;55;54;53;52;28;27;25;23;22;21;20;24;26;31;32;33;34;35;36;37;41;42;48;47;46;45;14;13;12;43;38;39;44;49;50;51;73;72;74;75;76;77;78;79;80;81;85;84;83;135;134;133;132;131;130;129;124;123;122;121;120;119;118;111;112;113;114;115;105;106;109;110;117;125;126;127;128;102;103;116;104;101;100;99;98;97;96;137;136;86;82;87;88;40;30;29;10;8;9;6;7;19;18;5;4;3;2;1;478;480;479;477;464;463;437;436;310;311;312;313;314;315;439;440;442;443;445;453;452;451;447;448;449;450;456;457;455;460;522;516;517;518;513;502;503;504;505;506;507;165;164;163;159;160;161;162;185;184;183;187;189;190;192;188;186;180;179;178;177;176;175;174;173;169;168;167;166;138;172;171;170;181;182;148;149;150;151;152;388;386;385;387;379;258;375;371;370;257;256;255;262;261;260;271;351;273;274;336;338;337;339;341;342;343;344;340;332;345;346;347;348;329;330;331;389;335;334;349;350;401;400;357;279;283;333;328;326;325;327;321;320;322;323;324;319;318;317;316;438;461;462;530;531;533;532;534;536;537;538;535;529;541;542;540;539;543;544;545;559;560;601;561;562;546;549;552;551;553;554;556;557;558;555;548;550;547;563;618;657;656;655;654;652;653;651;650;649;648;665;107;108;217;216;218;219;220;228;232;203;204;205;201;200;199;198;197;195;191;193;194;206;207;196;208;209;210;212;211;221;222;223;224;226;227;225;215;214;213;229;230;231;233;202;508;158;434;153;147;139;140;234;17;16;15;11;
Melhor Alcançado;341578.000000; Geração;2
Qtde de Entradas Recursivas;0; Qtde Execuções Recursivas;0; Qtde Execuções das Combinações;0



