Instância;./files/gr666.xml
Execução;19 / 25
Tamanho da Populaçap;200
Máximo de gerações;300
Mutação;6
Cruzamento;2
% Manpulação;30
% Mutação;2
Print Parcial;1
Ativa Recursivo;0
Percentual de Redução;78
Profundidade Máxima;100
Percentual de Eltismo;70
Seleção para Cruzamento;0
Forma de Seleção par Mutação;1

Geração 1 / 300:;Profundidade;0;Melhor;396643.000000;Pior;4770437.000000;Media;4368946.370000;Tempo;3493.000000
Geração 2 / 300:;Profundidade;0;Melhor;345968.000000;Pior;4686152.000000;Media;4236704.040000;Tempo;6936.000000
Geração 3 / 300:;Profundidade;0;Melhor;335610.000000;Pior;4609011.000000;Media;4040243.915000;Tempo;10363.000000
Geração 4 / 300:;Profundidade;0;Melhor;328320.000000;Pior;4556390.000000;Media;3860840.225000;Tempo;13894.000000
Geração 5 / 300:;Profundidade;0;Melhor;326264.000000;Pior;4594754.000000;Media;3689960.240000;Tempo;17350.000000
Temmpo de execução;17350.000000
melhor;326264.000000
Individuo;0;309;308;17;16;15;13;14;45;46;47;48;42;43;12;41;36;37;38;39;44;49;40;35;34;33;32;31;29;30;10;11;9;8;6;7;19;5;18;20;21;22;23;24;26;27;25;28;52;53;54;56;57;61;59;58;55;60;62;63;64;72;51;50;73;75;74;76;77;78;82;87;88;71;70;69;68;65;66;67;92;97;98;99;100;101;102;103;104;116;114;115;105;106;109;110;113;111;112;118;119;120;121;122;123;124;129;128;127;117;125;126;137;136;96;95;94;93;91;90;89;86;79;81;80;85;84;83;135;134;133;132;131;130;138;169;168;167;166;139;140;234;235;236;249;247;248;246;241;240;239;237;238;145;143;142;141;144;146;148;170;181;171;172;173;174;175;176;177;178;179;180;188;192;190;189;187;186;182;183;184;185;162;161;160;159;504;503;158;502;513;511;512;510;509;508;507;165;505;506;163;164;202;233;232;231;230;229;214;210;209;208;198;199;200;201;203;204;205;213;212;211;221;222;223;215;225;224;226;227;228;218;220;219;207;196;197;191;195;193;194;206;216;217;108;107;665;648;650;649;651;655;656;637;638;636;646;645;644;643;642;641;640;647;639;585;593;592;591;594;596;595;597;588;587;589;586;590;584;583;582;580;581;579;578;576;575;577;574;572;571;570;569;568;566;567;573;564;565;563;606;607;598;599;600;608;611;610;609;605;604;602;603;612;614;616;615;613;617;621;620;618;619;485;623;624;625;626;627;628;629;630;631;622;632;633;634;635;658;657;654;653;652;662;663;664;661;660;659;3;4;2;1;478;480;477;479;484;482;483;481;476;475;474;473;469;470;471;472;530;531;534;533;532;539;540;541;542;543;544;545;559;601;560;561;562;546;549;552;548;551;555;556;558;557;554;553;550;547;538;537;536;535;529;527;528;526;525;514;515;523;524;521;520;460;519;517;522;516;518;492;491;459;458;457;456;455;453;446;454;416;428;429;427;426;431;424;425;423;421;420;419;417;374;418;369;404;368;403;402;397;398;399;394;393;396;392;391;390;441;389;335;331;334;347;349;348;350;401;400;367;366;365;359;358;355;354;346;345;333;332;344;342;343;341;340;339;338;337;352;353;356;357;272;363;362;364;372;373;376;377;378;380;258;375;371;370;257;256;255;262;261;260;360;361;270;271;351;273;269;268;276;277;275;278;274;336;279;280;281;282;283;328;329;330;326;325;327;321;320;322;324;323;314;313;438;439;315;440;443;442;395;444;405;406;408;422;409;410;407;411;413;415;414;412;445;452;451;447;448;450;449;461;462;465;468;466;467;464;463;437;436;312;310;311;316;319;318;317;301;307;300;299;298;297;296;295;294;290;293;292;291;305;306;304;303;302;263;284;287;288;285;286;289;267;265;264;266;259;253;254;252;244;245;243;242;250;251;147;149;379;150;151;152;388;386;385;381;382;383;384;430;432;433;153;434;154;157;156;155;500;498;501;499;496;497;435;495;494;493;490;489;488;486;487;387;
Melhor Alcançado;326264.000000; Geração;5
Qtde de Entradas Recursivas;0; Qtde Execuções Recursivas;0; Qtde Execuções das Combinações;0



