Instância;files/gr666.xml
Execução;3 / 3
Tamanho da Populaçap;200
Máximo de gerações;300
Mutação;5
Cruzamento;4
% Manpulação;30
% Mutação;20
Print Parcial;1
Ativa Recursivo;0
Percentual de Redução;77
Profundidade Máxima;5
Percentual de Eltismo;70
Seleção para Cruzamento;0
Forma de Seleção par Mutação;1

Geração 1 / 300:;Profundidade;0;Melhor;4053456.000000;Pior;4677250.000000;Media;4428952.720000;Tempo;2360.000000
Geração 2 / 300:;Profundidade;0;Melhor;4014403.000000;Pior;4718242.000000;Media;4383364.775000;Tempo;4665.000000
Temmpo de execução;4665.000000
melhor;4014403.000000
Individuo;0;578;190;3;579;427;6;46;8;9;522;580;21;42;261;15;542;17;18;19;20;159;308;346;24;25;26;27;28;598;612;465;32;33;47;649;315;37;348;39;445;41;490;601;389;45;7;34;13;527;50;431;52;53;54;55;305;101;589;59;60;61;56;250;119;515;299;98;68;69;70;71;72;73;593;177;76;77;78;88;80;123;82;83;144;58;86;87;79;508;234;279;551;295;428;393;96;661;369;557;513;512;511;510;509;89;494;506;426;316;503;404;501;134;461;498;231;575;495;378;183;376;158;573;489;201;395;377;485;484;483;285;481;454;257;478;477;476;291;474;473;537;152;470;469;659;467;588;65;354;463;462;307;106;176;224;457;456;292;480;453;452;451;450;449;448;229;275;40;535;443;269;126;287;439;360;174;290;435;434;397;135;51;187;157;94;263;505;166;184;491;422;447;420;153;383;417;416;131;623;413;526;49;335;44;529;407;406;196;117;665;402;401;400;399;398;433;155;375;394;148;182;391;390;230;424;384;105;385;634;342;382;265;566;259;581;531;492;64;374;373;309;371;370;599;536;590;366;327;472;363;362;334;446;181;186;118;356;173;545;248;352;57;350;349;185;347;23;584;344;343;306;341;464;252;596;337;554;31;468;432;332;331;541;405;643;365;326;325;329;323;322;321;146;121;318;317;523;603;235;313;92;97;651;372;243;539;418;62;296;303;410;409;300;460;298;502;660;648;145;293;95;301;361;289;288;653;286;411;423;479;282;611;607;136;38;277;276;438;63;273;272;488;633;442;268;22;266;226;532;124;262;14;412;379;258;626;328;255;254;11;339;251;237;249;380;572;246;245;555;222;429;630;592;239;574;256;240;314;408;233;232;143;215;168;228;419;381;225;466;223;267;221;128;619;218;133;216;99;214;213;212;662;210;209;208;204;544;441;81;203;647;615;430;199;198;284;459;195;482;193;192;191;2;189;188;355;358;324;559;171;392;170;180;179;178;75;530;175;367;164;172;493;359;169;558;167;569;165;499;163;644;161;160;12;48;242;156;396;271;10;576;141;150;149;241;207;197;517;84;162;142;340;140;139;138;137;642;368;147;504;132;415;437;129;102;127;205;125;5;302;122;591;120;297;357;618;310;650;35;16;1;646;645;497;202;66;641;640;639;638;637;636;635;387;280;632;631;475;629;628;627;283;625;525;247;403;621;620;219;107;617;616;487;561;613;30;319;610;609;608;421;606;605;604;43;602;220;600;67;29;455;548;236;514;103;116;115;114;113;112;111;110;109;108;622;91;281;104;264;528;351;100;130;217;311;320;425;658;564;656;655;654;440;594;595;386;500;534;278;587;586;585;253;583;444;260;36;664;663;577;211;154;238;533;624;571;570;333;568;567;4;565;274;563;304;227;560;388;353;338;556;294;336;553;552;312;550;549;458;547;546;151;206;543;471;330;540;486;538;364;597;582;85;200;74;270;93;496;562;90;244;414;524;436;345;521;520;519;518;507;516;194;652;657;614;
Melhor Alcançado;1000000.000000; Geração;65
Qtde de Entradas Recursivas;0; Qtde Execuções Recursivas;0; Qtde Execuções das Combinações;0



