Instância;files/gr666.xml
Execução;2 / 3
Tamanho da Populaçap;200
Máximo de gerações;300
Mutação;5
Cruzamento;9
% Manpulação;30
% Mutação;20
Print Parcial;1
Ativa Recursivo;0
Percentual de Redução;77
Profundidade Máxima;5
Percentual de Eltismo;70
Seleção para Cruzamento;0
Forma de Seleção par Mutação;1

Geração 1 / 300:;Profundidade;0;Melhor;4105496.000000;Pior;4695992.000000;Media;4411388.830000;Tempo;2319.000000
Geração 2 / 300:;Profundidade;0;Melhor;4065775.000000;Pior;4687727.000000;Media;4380114.650000;Tempo;4632.000000
Temmpo de execução;4632.000000
melhor;4065775.000000
Individuo;0;637;2;316;660;5;343;512;8;266;10;11;615;13;483;15;190;41;513;629;20;21;322;519;24;25;365;328;564;312;30;31;609;16;321;319;240;37;204;3;241;22;42;389;90;337;46;552;48;606;50;60;534;227;217;340;56;291;58;468;540;61;12;63;64;145;283;96;488;69;200;223;72;543;320;75;290;77;250;79;80;153;82;596;542;155;86;87;88;89;44;91;92;224;94;338;208;111;98;215;100;101;102;386;47;105;106;636;108;295;535;462;412;341;137;99;378;449;424;423;422;112;407;419;484;417;646;588;272;648;118;117;607;477;122;252;124;65;126;127;489;129;444;131;132;211;363;135;136;218;138;139;140;472;492;591;144;282;146;461;395;364;315;49;470;213;222;85;156;516;158;45;160;84;162;203;164;165;576;467;497;169;318;171;285;436;174;175;182;177;178;216;259;67;393;549;653;130;93;650;161;189;555;233;523;193;249;195;440;197;198;199;70;35;202;33;28;120;366;207;181;209;210;654;238;458;214;167;186;236;81;219;220;221;154;71;575;225;372;367;505;229;230;231;232;651;563;235;645;237;298;299;529;40;242;400;244;245;246;247;248;506;78;183;123;604;254;255;574;485;260;331;258;261;262;441;264;265;152;267;38;293;270;271;387;464;19;104;276;522;278;52;325;568;597;662;284;537;173;287;288;289;116;652;421;269;294;109;296;297;446;39;478;582;481;1;304;550;306;453;308;560;310;311;655;566;314;323;631;626;558;201;163;348;18;150;394;280;326;327;125;329;610;480;536;333;334;335;336;531;538;74;55;68;342;438;274;345;580;347;263;349;350;351;357;353;354;29;356;463;358;359;360;361;107;134;73;26;206;375;628;439;587;571;498;518;374;425;614;377;426;66;380;381;355;383;384;382;427;411;234;43;559;391;51;379;324;148;149;397;618;399;243;401;402;403;188;405;406;6;408;409;410;17;36;119;59;415;428;429;430;431;432;433;434;435;511;603;508;159;128;373;442;443;185;649;445;447;448;76;115;451;452;657;454;166;456;457;330;459;460;455;97;62;617;307;466;613;103;469;226;647;212;473;474;475;476;114;121;281;632;157;630;344;170;32;317;625;624;546;622;621;620;619;253;273;616;376;180;633;612;611;194;368;300;205;404;605;398;53;369;601;600;599;598;179;83;595;521;593;592;196;590;589;509;370;586;585;638;545;301;486;346;491;578;286;147;257;256;573;583;579;570;482;362;567;313;565;113;275;562;561;309;390;416;557;556;54;554;553;23;551;14;27;665;547;623;572;544;339;526;541;548;539;95;172;641;413;634;533;532;602;530;465;528;251;151;525;524;192;277;594;471;239;414;517;110;515;514;184;268;577;510;450;527;352;437;34;504;503;502;608;500;499;176;385;496;495;494;493;142;371;490;388;187;487;332;396;418;305;569;302;507;479;501;168;133;279;57;191;7;141;627;520;143;420;644;643;642;581;640;639;584;303;9;635;656;292;658;659;4;661;228;663;664;392;
Melhor Alcançado;1000000.000000; Geração;33
Qtde de Entradas Recursivas;0; Qtde Execuções Recursivas;0; Qtde Execuções das Combinações;0



