Instância;./files/gr666.xml
Execução;4 / 25
Tamanho da Populaçap;200
Máximo de gerações;300
Mutação;6
Cruzamento;0
% Manpulação;30
% Mutação;2
Print Parcial;1
Ativa Recursivo;0
Percentual de Redução;78
Profundidade Máxima;100
Percentual de Eltismo;70
Seleção para Cruzamento;0
Forma de Seleção par Mutação;1

Geração 1 / 300:;Profundidade;0;Melhor;399655.000000;Pior;4995103.000000;Media;4350710.755000;Tempo;3562.000000
Geração 2 / 300:;Profundidade;0;Melhor;346969.000000;Pior;4714091.000000;Media;4226931.780000;Tempo;7071.000000
Geração 3 / 300:;Profundidade;0;Melhor;332883.000000;Pior;4977842.000000;Media;4148396.660000;Tempo;10518.000000
Geração 4 / 300:;Profundidade;0;Melhor;328341.000000;Pior;4801203.000000;Media;3990218.065000;Tempo;14004.000000
Geração 5 / 300:;Profundidade;0;Melhor;326759.000000;Pior;4721010.000000;Media;3798076.320000;Tempo;17463.000000
Temmpo de execução;17463.000000
melhor;326759.000000
Individuo;0;309;307;301;300;317;316;312;310;311;436;437;448;449;450;461;462;463;464;465;468;466;467;474;475;476;481;619;485;622;621;620;618;617;616;615;613;610;611;634;632;633;631;630;627;629;628;626;625;624;623;484;483;482;477;480;479;478;2;3;1;4;18;5;19;7;6;9;8;10;11;308;17;16;45;15;14;13;12;46;47;48;42;41;43;37;36;30;29;31;33;34;35;40;49;44;39;38;32;26;24;20;21;22;23;25;27;28;52;53;54;55;56;57;58;59;61;62;60;63;65;64;72;73;50;51;74;75;76;77;78;79;80;81;86;82;87;88;71;70;69;68;66;67;92;664;663;661;659;660;662;653;652;654;651;650;649;648;665;643;642;644;645;641;640;647;646;638;637;656;655;657;658;635;636;593;639;585;590;592;591;594;595;596;597;588;589;586;584;583;582;581;580;579;587;576;578;577;575;574;573;572;571;570;569;607;598;599;600;608;609;612;614;603;602;604;605;606;568;566;565;567;564;563;561;562;546;549;552;555;558;557;556;554;553;551;548;543;544;559;545;560;601;473;469;470;472;471;527;528;529;535;530;531;534;533;532;539;540;542;541;547;550;537;536;538;509;510;511;512;525;526;524;521;520;460;519;459;458;457;456;455;453;452;451;447;438;315;314;313;439;440;442;443;395;394;399;444;405;407;411;410;422;409;408;406;368;404;403;400;401;349;350;396;402;397;398;393;441;390;391;392;389;335;334;348;347;346;345;333;329;331;330;326;325;327;321;324;323;322;320;319;318;299;298;295;296;297;305;306;304;303;302;291;292;294;293;290;289;286;285;288;287;284;263;264;265;266;259;253;248;247;246;245;243;242;250;251;244;252;254;255;256;257;258;375;371;370;262;260;261;360;361;270;362;363;364;357;353;356;272;271;351;273;269;268;267;276;277;275;274;336;279;278;280;282;281;283;332;344;340;343;342;341;339;338;337;352;354;355;358;359;365;366;367;369;419;417;418;374;373;372;376;378;377;380;381;382;423;421;420;383;384;430;432;433;434;487;431;425;424;426;427;429;416;454;446;445;412;414;413;415;428;486;488;493;435;155;500;501;498;499;497;496;495;494;489;490;491;492;518;517;516;522;523;514;515;513;502;503;504;159;163;505;508;507;506;165;164;202;233;231;232;230;229;215;222;223;224;225;226;227;228;220;218;219;221;211;209;208;210;212;214;213;205;204;203;201;200;197;199;198;196;207;206;193;194;195;190;192;188;189;187;186;180;179;178;177;176;216;217;118;120;119;121;122;123;124;128;127;126;125;117;113;112;111;110;109;108;107;106;115;105;114;116;104;103;102;101;99;100;98;97;94;95;93;91;89;90;96;137;136;84;85;83;135;134;133;131;130;129;132;138;168;167;166;169;173;175;174;172;171;181;182;170;148;183;184;185;191;162;161;160;158;156;157;154;153;152;388;386;385;387;151;150;379;149;147;146;144;143;145;239;240;241;237;238;235;236;249;234;140;139;142;141;328;
Melhor Alcançado;326759.000000; Geração;5
Qtde de Entradas Recursivas;0; Qtde Execuções Recursivas;0; Qtde Execuções das Combinações;0



