Instância;files/gr666.xml
Execução;2 / 3
Tamanho da Populaçap;200
Máximo de gerações;300
Mutação;6
Cruzamento;0
% Manpulação;30
% Mutação;20
Print Parcial;1
Ativa Recursivo;0
Percentual de Redução;77
Profundidade Máxima;5
Percentual de Eltismo;70
Seleção para Cruzamento;0
Forma de Seleção par Mutação;1

Geração 1 / 300:;Profundidade;0;Melhor;345632.000000;Pior;5006964.000000;Media;3699223.940000;Tempo;47413.000000
Temmpo de execução;47413.000000
melhor;345632.000000
Individuo;0;309;308;11;15;13;14;45;46;47;48;42;12;43;41;37;36;40;33;34;35;38;39;44;49;50;51;72;73;75;74;76;77;88;91;96;97;92;94;95;93;90;89;71;70;69;68;66;67;65;64;63;62;60;59;58;61;57;56;55;54;53;52;28;25;21;20;22;23;24;27;26;32;31;30;29;10;8;9;7;6;19;18;5;4;3;2;1;478;480;479;477;481;619;485;483;482;484;623;625;624;626;627;630;629;628;631;613;612;614;536;529;535;538;537;547;541;534;533;532;539;542;540;543;559;544;545;548;551;550;553;554;557;558;556;555;552;549;601;560;561;562;546;563;566;567;564;565;573;574;575;578;577;576;579;580;581;582;584;583;586;589;591;594;596;597;595;635;658;657;656;655;654;652;653;660;659;662;661;663;664;106;105;115;114;113;112;111;110;109;108;107;665;650;649;648;651;643;642;641;640;647;644;645;646;638;637;636;593;592;639;585;590;588;587;571;572;569;570;568;606;605;604;602;603;609;611;610;608;598;607;599;600;634;633;632;622;621;620;618;617;615;616;476;474;475;473;469;470;471;472;531;530;528;527;526;509;510;513;512;511;525;524;523;515;514;491;459;519;517;518;516;522;521;520;460;458;490;492;489;488;493;494;495;497;156;157;155;500;501;498;499;496;435;154;158;502;503;504;159;163;505;506;165;507;508;164;160;161;162;184;185;183;182;181;170;148;152;151;153;434;433;432;430;431;487;486;429;428;454;453;452;457;456;455;446;445;451;447;448;449;450;461;462;468;465;466;467;464;463;436;311;310;312;313;314;315;438;439;440;324;323;322;316;319;317;325;327;321;318;320;326;329;330;331;389;335;332;333;328;283;279;282;281;280;278;276;277;275;274;336;344;340;342;343;341;339;338;337;345;346;334;347;348;349;350;396;397;398;402;393;392;391;390;441;442;443;395;394;399;444;412;411;413;414;415;416;427;426;424;425;383;384;385;386;387;388;150;149;379;258;257;256;370;360;361;362;363;364;272;271;270;260;261;262;255;244;251;243;242;250;147;146;240;239;246;241;237;145;238;144;143;142;141;140;139;166;167;168;138;169;173;174;175;171;172;176;177;178;179;186;180;187;189;188;192;190;191;195;193;194;206;207;198;199;200;197;196;209;208;210;212;214;213;204;205;203;201;202;233;231;232;230;229;215;211;221;223;222;224;225;226;227;228;219;218;220;216;217;118;119;120;121;124;123;122;129;130;131;132;134;135;133;127;128;126;125;117;116;104;103;102;101;98;100;99;137;136;84;83;85;79;80;81;86;87;82;78;16;17;234;235;236;249;247;248;245;252;254;259;253;266;264;265;263;284;302;303;304;305;306;297;298;307;301;300;299;296;295;294;293;291;292;290;287;288;285;286;289;267;268;269;273;351;356;357;353;352;354;355;358;400;401;403;368;404;406;405;407;409;410;422;408;419;420;421;423;382;381;380;378;377;376;372;373;374;418;417;369;367;359;366;365;371;375;437;
Melhor Alcançado;345632.000000; Geração;1
Qtde de Entradas Recursivas;0; Qtde Execuções Recursivas;0; Qtde Execuções das Combinações;0



