Instância;files/gr666.xml
Execução;1 / 3
Tamanho da Populaçap;200
Máximo de gerações;300
Mutação;5
Cruzamento;6
% Manpulação;30
% Mutação;20
Print Parcial;1
Ativa Recursivo;0
Percentual de Redução;77
Profundidade Máxima;5
Percentual de Eltismo;70
Seleção para Cruzamento;0
Forma de Seleção par Mutação;1

Geração 1 / 300:;Profundidade;0;Melhor;3949813.000000;Pior;5078860.000000;Media;4432624.455000;Tempo;2294.000000
Geração 2 / 300:;Profundidade;0;Melhor;3910509.000000;Pior;5096603.000000;Media;4431016.160000;Tempo;4602.000000
Temmpo de execução;4602.000000
melhor;3910509.000000
Individuo;0;602;629;351;523;32;112;409;564;11;460;18;48;13;315;286;16;227;9;624;20;21;22;23;24;94;4;27;28;14;314;313;312;536;228;330;41;307;306;305;234;303;302;532;144;299;298;553;212;295;64;588;292;265;290;289;201;133;417;637;284;174;512;636;413;452;278;277;381;275;321;614;87;610;662;332;191;526;604;100;264;263;262;120;639;259;258;347;256;255;254;343;650;89;250;249;248;287;246;189;647;10;242;241;240;239;238;237;214;530;665;215;605;77;571;113;481;648;124;225;224;153;173;17;220;219;389;550;320;327;271;213;129;211;210;140;208;467;516;622;204;247;202;288;200;199;198;175;196;195;507;193;166;90;190;506;109;294;447;185;337;382;139;385;105;45;266;177;176;354;283;501;165;125;47;169;168;131;192;218;164;30;162;161;660;101;217;157;132;612;154;223;446;151;490;181;148;147;146;514;300;423;383;141;480;543;465;137;136;135;58;203;407;184;130;451;155;127;308;606;618;123;62;601;19;119;118;117;116;115;114;436;412;111;37;188;378;331;106;609;611;236;483;594;607;476;595;324;603;167;531;600;599;598;597;143;232;529;427;592;591;655;66;79;281;586;585;584;386;582;581;511;579;578;577;576;216;574;518;572;596;457;42;568;567;527;565;5;583;562;561;285;468;392;557;554;555;556;566;209;317;608;549;25;297;269;509;252;649;542;548;540;539;61;474;311;535;534;559;415;179;261;353;528;431;651;494;524;267;522;521;520;519;1;517;477;515;75;513;503;638;510;575;406;230;244;505;533;282;633;280;500;499;498;245;341;495;525;659;316;229;180;401;488;487;416;485;205;358;183;226;430;479;400;375;346;377;545;442;472;369;291;590;158;445;466;257;560;463;645;461;546;387;458;323;456;328;454;453;309;296;450;478;448;186;390;403;108;593;473;441;440;439;438;437;491;435;644;433;145;497;156;429;428;573;363;425;414;443;422;421;420;419;418;268;432;65;462;340;6;63;410;587;408;8;508;405;404;393;402;552;449;399;398;397;396;395;394;318;152;444;182;469;388;643;640;551;631;361;160;15;233;570;352;325;326;630;455;39;60;107;589;333;334;335;207;656;338;339;178;496;342;537;613;345;171;138;348;349;350;304;464;310;150;270;379;357;272;359;360;580;362;426;364;365;366;367;368;471;370;371;372;373;374;206;376;26;391;356;380;492;33;424;384;149;243;251;163;93;235;482;67;35;36;110;38;329;40;126;569;43;44;121;355;170;12;504;50;51;91;53;54;55;56;57;134;434;274;273;128;411;187;301;619;34;68;69;70;71;72;73;74;279;76;231;78;616;80;81;82;46;84;85;86;484;88;29;558;52;92;31;541;95;2;97;98;99;502;83;102;103;104;664;663;641;661;654;623;658;657;563;172;253;653;652;475;142;547;3;222;646;626;59;459;642;159;276;260;489;486;7;635;634;493;344;336;322;96;628;627;49;625;194;293;221;621;620;470;319;617;544;615;538;632;122;197;
Melhor Alcançado;1000000.000000; Geração;808598384
Qtde de Entradas Recursivas;0; Qtde Execuções Recursivas;0; Qtde Execuções das Combinações;0



