Instância;./files/gr666.xml
Execução;12 / 25
Tamanho da Populaçap;200
Máximo de gerações;300
Mutação;6
Cruzamento;2
% Manpulação;30
% Mutação;2
Print Parcial;1
Ativa Recursivo;0
Percentual de Redução;78
Profundidade Máxima;100
Percentual de Eltismo;70
Seleção para Cruzamento;0
Forma de Seleção par Mutação;1

Geração 1 / 300:;Profundidade;0;Melhor;411423.000000;Pior;4695824.000000;Media;4349253.380000;Tempo;3481.000000
Geração 2 / 300:;Profundidade;0;Melhor;354338.000000;Pior;4625748.000000;Media;4235888.015000;Tempo;6911.000000
Geração 3 / 300:;Profundidade;0;Melhor;339345.000000;Pior;4589104.000000;Media;4106632.110000;Tempo;10341.000000
Geração 4 / 300:;Profundidade;0;Melhor;332906.000000;Pior;4655748.000000;Media;4005449.725000;Tempo;13760.000000
Geração 5 / 300:;Profundidade;0;Melhor;331224.000000;Pior;4556708.000000;Media;3868910.665000;Tempo;17183.000000
Temmpo de execução;17183.000000
melhor;331224.000000
Individuo;0;309;11;10;8;9;6;7;19;18;5;4;2;3;1;478;479;480;477;474;475;476;481;619;618;616;615;613;617;621;620;485;483;482;484;623;624;625;626;628;629;627;630;631;632;622;633;634;611;610;609;612;614;603;602;604;605;606;607;598;608;600;599;597;596;595;594;591;592;639;593;636;638;637;635;658;657;656;655;654;653;652;651;650;648;649;643;642;644;645;646;647;641;640;585;590;589;588;587;586;583;584;582;580;581;579;578;576;575;577;574;573;572;571;569;570;568;567;566;565;564;563;562;546;561;560;601;473;468;469;470;471;472;530;531;533;532;534;541;542;540;539;543;544;559;545;549;552;548;551;555;556;557;558;554;553;550;547;537;538;536;535;529;528;527;524;521;520;460;519;459;458;457;456;455;453;452;451;447;448;449;450;461;462;465;466;467;464;463;437;436;310;311;312;313;314;439;315;438;440;443;442;441;390;391;393;394;395;399;444;445;446;412;414;413;411;407;405;398;397;402;403;396;392;335;389;331;327;321;325;326;330;329;333;328;283;281;280;282;279;339;338;337;340;342;341;343;344;332;345;346;347;334;348;349;350;401;400;367;368;404;406;408;409;410;422;421;420;423;383;384;382;385;386;388;387;381;380;377;378;376;375;370;371;372;373;374;418;419;417;369;366;365;359;358;355;354;352;353;356;357;272;364;363;362;361;360;270;261;260;262;255;257;256;258;379;149;150;151;152;153;434;487;433;432;430;425;424;431;426;427;415;416;428;429;486;454;488;489;490;491;492;518;517;516;522;515;523;514;525;526;509;510;511;512;513;502;498;501;500;499;497;496;495;494;493;435;155;154;157;156;158;162;161;160;159;504;503;163;506;505;508;507;165;164;202;233;231;230;232;229;215;225;227;226;224;222;223;221;211;210;209;208;212;214;213;205;204;203;201;200;199;198;197;196;193;194;206;207;218;219;220;228;217;216;188;192;189;187;190;195;191;185;184;183;182;148;170;181;186;180;179;178;177;176;175;171;172;174;173;169;168;138;167;166;139;140;234;249;236;235;237;241;240;239;238;145;143;141;142;144;146;147;242;243;250;251;244;252;254;245;247;246;248;253;259;266;265;264;263;284;285;267;268;269;271;351;273;336;274;278;275;277;276;286;289;288;287;302;303;304;306;305;291;292;290;293;294;295;297;296;298;299;318;316;323;324;322;320;319;317;300;301;307;308;17;16;15;13;14;45;46;47;48;12;42;41;43;37;36;29;30;31;32;38;39;33;34;35;40;44;49;50;51;74;76;75;73;72;64;65;68;67;69;70;71;91;89;90;88;87;86;82;77;78;79;80;81;85;84;83;134;129;130;131;132;133;135;136;137;102;103;117;125;126;127;128;124;123;122;121;120;119;118;111;110;108;107;109;112;113;114;115;106;105;116;104;101;100;99;98;97;96;95;94;93;92;66;63;62;60;55;58;59;61;57;56;54;53;52;28;25;27;26;24;23;22;21;20;659;660;662;661;663;664;665;
Melhor Alcançado;331224.000000; Geração;5
Qtde de Entradas Recursivas;0; Qtde Execuções Recursivas;0; Qtde Execuções das Combinações;0



