Instância;files/gr666.xml
Execução;2 / 3
Tamanho da Populaçap;200
Máximo de gerações;300
Mutação;5
Cruzamento;1
% Manpulação;30
% Mutação;20
Print Parcial;1
Ativa Recursivo;0
Percentual de Redução;77
Profundidade Máxima;5
Percentual de Eltismo;70
Seleção para Cruzamento;0
Forma de Seleção par Mutação;1

Geração 1 / 300:;Profundidade;0;Melhor;4112989.000000;Pior;4937712.000000;Media;4459409.655000;Tempo;2629.000000
Geração 2 / 300:;Profundidade;0;Melhor;4074879.000000;Pior;4969987.000000;Media;4441499.970000;Tempo;5270.000000
Temmpo de execução;5270.000000
melhor;4074879.000000
Individuo;0;177;170;639;646;598;6;486;8;410;10;75;310;368;268;15;16;17;18;374;480;21;22;23;384;25;284;59;28;29;30;275;386;76;34;35;352;224;460;186;183;657;462;301;509;45;451;269;48;265;50;529;420;551;184;55;73;516;229;287;60;188;62;156;312;65;536;253;68;69;247;277;299;332;326;617;469;607;78;542;80;380;82;83;628;85;112;87;88;100;240;91;92;93;94;95;13;653;425;537;180;111;102;103;104;105;620;198;577;576;110;435;5;266;114;130;116;243;308;655;222;365;122;98;307;125;363;127;128;354;115;135;132;330;432;131;293;61;415;621;140;36;3;143;360;145;289;335;399;192;150;511;201;32;602;464;63;157;126;255;411;388;162;650;153;381;166;167;638;226;2;171;174;173;172;175;176;197;615;217;89;305;182;40;54;185;101;298;169;119;79;250;566;193;194;302;196;146;107;199;200;133;237;401;600;635;634;632;633;43;588;629;526;627;187;625;96;623;622;234;134;121;458;99;262;206;42;494;155;465;466;467;468;212;618;471;472;473;474;475;120;477;478;322;291;481;630;483;484;351;149;487;594;71;490;491;405;441;463;495;500;497;56;215;419;343;502;503;504;273;506;507;508;563;11;553;512;340;584;9;580;136;532;519;550;521;522;263;470;189;7;527;515;485;314;533;227;531;267;549;154;459;510;539;540;665;241;543;544;545;546;324;423;303;520;53;552;19;554;555;556;249;558;513;581;561;90;44;342;461;644;648;568;569;205;571;572;573;564;575;559;574;578;636;57;560;582;583;599;585;605;587;557;39;272;31;141;216;203;595;431;589;27;455;290;601;414;603;604;586;597;319;138;609;610;476;565;613;614;416;407;413;168;530;640;641;642;643;151;456;230;454;664;452;46;279;449;66;447;446;445;439;270;191;190;377;208;294;437;436;606;434;433;106;596;41;429;547;427;358;488;424;505;422;347;52;496;418;417;178;329;538;637;51;160;528;409;421;392;370;389;404;398;402;406;123;403;663;397;396;523;152;393;223;258;390;211;161;86;164;179;590;383;387;165;611;379;378;238;72;375;84;373;97;74;400;369;259;346;366;457;364;372;49;658;144;518;148;306;356;355;534;353;296;448;325;349;348;139;327;345;344;501;108;341;619;339;338;337;336;147;334;333;548;331;357;608;624;367;129;350;20;323;479;321;361;77;318;317;316;315;489;313;286;254;12;309;118;124;24;181;304;264;195;276;235;33;58;297;408;295;428;430;292;204;626;395;288;382;64;239;218;283;282;281;285;371;278;412;631;591;274;142;535;271;443;47;14;450;113;362;320;1;385;261;593;328;391;257;256;159;311;67;252;251;442;524;248;70;246;245;244;525;242;493;440;280;426;202;236;300;616;233;232;231;612;376;228;37;137;225;359;579;81;221;220;219;214;38;260;499;26;213;570;492;210;209;444;207;163;117;109;498;654;592;645;4;647;567;649;394;651;652;158;482;438;656;562;514;659;660;661;662;517;453;541;
Melhor Alcançado;1000000.000000; Geração;33
Qtde de Entradas Recursivas;0; Qtde Execuções Recursivas;0; Qtde Execuções das Combinações;0



