Instância;./files/gr666.xml
Execução;20 / 25
Tamanho da Populaçap;200
Máximo de gerações;300
Mutação;6
Cruzamento;2
% Manpulação;30
% Mutação;2
Print Parcial;1
Ativa Recursivo;0
Percentual de Redução;78
Profundidade Máxima;100
Percentual de Eltismo;70
Seleção para Cruzamento;0
Forma de Seleção par Mutação;1

Geração 1 / 300:;Profundidade;0;Melhor;408069.000000;Pior;4683614.000000;Media;4344842.690000;Tempo;3506.000000
Geração 2 / 300:;Profundidade;0;Melhor;350469.000000;Pior;4802192.000000;Media;4239590.625000;Tempo;6946.000000
Geração 3 / 300:;Profundidade;0;Melhor;331855.000000;Pior;4743324.000000;Media;4129611.515000;Tempo;10376.000000
Geração 4 / 300:;Profundidade;0;Melhor;327890.000000;Pior;4544585.000000;Media;4000400.885000;Tempo;13803.000000
Geração 5 / 300:;Profundidade;0;Melhor;327453.000000;Pior;4588058.000000;Media;3799237.545000;Tempo;17213.000000
Temmpo de execução;17213.000000
melhor;327453.000000
Individuo;0;463;464;467;466;465;468;469;473;602;605;607;598;608;600;599;597;596;595;594;591;592;593;636;635;658;657;656;637;638;646;645;644;642;643;641;640;647;639;585;590;589;588;587;586;583;584;582;581;580;579;576;578;575;577;574;572;571;570;569;567;573;564;562;561;546;549;552;555;558;557;556;554;553;551;550;547;541;537;538;536;535;529;528;471;470;472;530;534;533;531;532;539;540;542;548;543;544;545;559;560;601;563;565;566;568;606;604;603;614;612;609;610;611;613;615;616;617;618;620;621;622;634;633;632;631;630;628;629;627;626;625;624;623;484;482;483;485;619;481;476;475;474;477;480;479;478;1;3;2;4;5;18;19;7;6;9;8;10;11;309;308;307;301;300;316;318;317;319;322;324;323;314;313;315;439;438;312;311;310;436;437;461;462;450;449;448;447;451;452;455;456;457;458;459;491;490;454;453;445;412;446;416;428;429;415;414;413;411;407;405;444;399;394;395;443;442;440;441;390;391;392;389;335;334;346;347;348;349;350;400;401;396;393;398;402;397;403;404;368;406;408;409;410;422;421;420;423;425;431;427;426;424;430;432;433;487;486;488;489;493;494;435;499;500;501;498;497;496;495;492;518;517;519;460;520;522;516;523;515;514;512;525;524;521;527;526;509;510;511;513;508;507;506;505;165;164;200;201;203;204;205;202;233;232;230;231;229;214;213;208;209;210;212;211;221;222;223;224;215;225;226;227;228;220;218;219;207;206;194;193;195;196;198;199;197;191;190;192;189;188;187;180;186;179;178;177;176;175;174;173;169;168;167;138;166;171;172;170;181;182;148;183;184;185;162;161;160;163;159;502;504;503;158;156;155;157;154;434;153;152;151;149;379;150;388;386;387;385;384;383;382;381;380;258;257;256;255;262;260;261;270;271;273;351;272;364;363;362;361;360;370;375;371;372;376;377;378;373;374;418;419;417;369;367;365;359;366;358;355;354;357;356;353;352;345;333;329;331;327;321;320;325;326;330;328;283;332;344;340;343;342;341;339;338;337;336;274;279;280;282;281;278;275;277;276;269;268;267;289;286;285;287;288;290;291;293;292;294;295;299;296;298;297;305;306;304;303;302;284;263;264;265;266;259;253;254;252;245;246;247;248;249;236;235;241;237;238;145;239;240;242;243;244;251;250;147;146;144;143;142;141;139;140;234;17;16;15;14;13;45;46;47;48;42;12;41;43;37;36;30;29;31;32;38;44;49;40;35;39;33;26;24;21;20;22;23;25;27;28;52;53;54;55;56;57;58;59;61;62;60;63;66;67;92;70;69;68;65;64;72;73;50;51;75;74;76;77;78;79;80;81;85;86;87;82;88;71;89;90;91;93;95;94;96;97;98;99;100;101;104;103;102;137;136;84;83;135;134;133;128;127;126;125;117;116;105;106;115;114;113;112;109;110;111;118;120;119;121;122;123;124;129;131;132;130;216;217;108;107;665;648;650;649;651;655;652;654;653;660;659;662;661;663;664;34;
Melhor Alcançado;327453.000000; Geração;5
Qtde de Entradas Recursivas;0; Qtde Execuções Recursivas;0; Qtde Execuções das Combinações;0



