Instância;./files/gr666.xml
Execução;2 / 25
Tamanho da Populaçap;200
Máximo de gerações;300
Mutação;6
Cruzamento;1
% Manpulação;30
% Mutação;2
Print Parcial;1
Ativa Recursivo;0
Percentual de Redução;78
Profundidade Máxima;100
Percentual de Eltismo;70
Seleção para Cruzamento;0
Forma de Seleção par Mutação;1

Geração 1 / 300:;Profundidade;0;Melhor;403176.000000;Pior;4967180.000000;Media;4393369.050000;Tempo;3792.000000
Geração 2 / 300:;Profundidade;0;Melhor;360811.000000;Pior;4969221.000000;Media;4307942.680000;Tempo;7508.000000
Geração 3 / 300:;Profundidade;0;Melhor;345627.000000;Pior;5003892.000000;Media;4203082.815000;Tempo;11252.000000
Geração 4 / 300:;Profundidade;0;Melhor;338903.000000;Pior;4923832.000000;Media;4077449.800000;Tempo;14962.000000
Temmpo de execução;14962.000000
melhor;338903.000000
Individuo;0;309;308;307;301;300;299;298;296;295;297;306;305;304;303;302;287;288;291;292;294;293;290;289;286;267;285;284;263;264;265;266;268;269;275;276;277;278;280;282;281;283;328;333;332;344;342;343;341;340;339;279;274;336;338;337;352;356;353;357;272;351;273;271;364;363;362;360;361;270;261;262;260;259;253;248;247;246;249;236;235;234;140;139;141;144;142;143;145;238;237;241;240;239;146;242;243;245;252;254;244;251;250;147;149;379;150;151;152;153;434;432;433;487;486;429;428;416;454;446;412;415;414;413;411;405;444;399;395;394;393;398;402;397;403;368;404;406;408;420;423;421;410;407;409;422;426;427;431;424;425;430;384;383;382;385;386;388;387;381;380;258;257;255;256;370;375;371;372;376;377;378;373;374;417;418;419;369;367;366;365;359;358;355;354;345;346;334;347;348;349;350;400;401;396;392;391;441;390;389;335;331;329;330;326;325;327;321;320;318;317;319;316;311;312;310;436;437;463;464;477;480;479;484;623;624;625;626;627;629;628;630;631;632;633;634;608;600;599;597;598;607;568;566;606;604;605;602;603;612;609;610;611;622;621;620;485;482;483;481;619;618;617;613;615;616;614;475;476;474;467;466;465;468;462;461;448;449;450;447;438;313;315;439;314;323;322;324;440;442;443;445;452;453;451;455;456;457;460;520;521;524;525;514;523;515;522;516;518;517;519;459;458;491;492;490;489;488;493;435;494;495;496;497;500;498;501;499;155;154;157;156;158;504;163;506;505;508;507;165;164;202;233;232;231;230;229;215;225;226;227;228;224;223;222;221;219;220;218;207;206;193;194;196;208;209;210;211;212;214;213;204;203;205;201;200;199;198;197;195;191;190;189;188;192;187;186;180;179;177;178;176;175;174;173;168;167;166;138;169;172;171;181;170;182;148;183;184;185;162;161;160;159;502;513;512;511;510;509;526;527;528;529;538;537;536;535;534;533;532;531;530;472;471;470;469;473;601;560;559;545;544;548;543;539;540;542;541;547;550;553;554;557;556;558;555;551;552;549;561;546;562;563;565;564;573;567;569;570;571;572;574;577;575;587;576;578;579;580;581;582;583;586;584;590;589;588;596;595;594;591;592;593;636;639;585;640;647;641;642;643;644;645;646;638;637;635;658;657;656;655;654;653;652;651;650;649;648;665;107;108;217;216;129;131;130;132;134;135;133;127;128;124;123;122;121;120;119;118;117;111;113;112;110;109;106;115;105;114;116;104;100;101;103;102;125;126;137;136;83;84;85;79;80;81;86;87;82;78;77;76;75;74;73;72;50;51;49;44;42;48;46;47;45;16;17;15;14;13;12;41;43;37;36;10;8;9;6;4;2;478;1;3;659;660;662;661;663;664;92;97;98;99;96;94;95;93;91;90;89;88;71;70;69;68;67;66;65;64;63;62;60;55;58;59;61;57;56;54;53;52;28;25;27;26;24;23;22;21;20;19;18;5;7;11;29;30;38;39;40;35;34;33;32;31;503;
Melhor Alcançado;338903.000000; Geração;4
Qtde de Entradas Recursivas;0; Qtde Execuções Recursivas;0; Qtde Execuções das Combinações;0



