Instância;files/gr666.xml
Execução;1 / 3
Tamanho da Populaçap;200
Máximo de gerações;300
Mutação;6
Cruzamento;0
% Manpulação;30
% Mutação;20
Print Parcial;1
Ativa Recursivo;0
Percentual de Redução;77
Profundidade Máxima;5
Percentual de Eltismo;70
Seleção para Cruzamento;0
Forma de Seleção par Mutação;1

Geração 1 / 300:;Profundidade;0;Melhor;335651.000000;Pior;4960039.000000;Media;3718795.540000;Tempo;44053.000000
Temmpo de execução;44053.000000
melhor;335651.000000
Individuo;0;463;464;466;465;468;469;473;467;474;476;475;477;480;479;482;483;481;619;618;615;612;614;616;617;613;620;621;622;485;484;623;624;625;626;628;630;627;629;631;632;633;634;611;610;609;603;602;604;605;606;563;565;566;567;570;569;568;598;607;608;600;599;597;596;595;594;591;592;639;647;640;641;643;642;644;645;646;638;637;635;636;593;585;590;588;589;587;586;584;583;582;581;580;579;578;577;574;575;576;571;572;573;564;562;545;544;543;559;560;601;561;546;549;552;548;551;555;556;557;558;554;553;550;547;541;542;540;539;531;533;532;534;536;538;537;535;529;530;472;470;471;528;527;526;509;510;512;511;513;514;523;515;525;524;521;520;522;516;517;518;519;459;491;458;460;457;456;455;453;452;451;447;448;449;450;462;461;437;436;311;312;438;315;439;313;314;323;319;316;317;318;320;322;324;391;390;441;440;442;443;395;394;393;397;398;402;403;368;404;406;409;410;407;413;411;414;415;428;416;454;446;412;445;399;444;405;422;419;408;421;420;423;425;424;431;426;427;429;486;488;489;490;492;494;493;435;495;496;497;499;500;498;501;502;504;503;160;161;162;185;184;183;182;181;170;171;172;175;174;173;169;168;138;167;166;139;140;234;17;16;45;15;14;13;12;46;47;48;42;41;29;30;36;37;43;38;39;44;40;49;51;50;72;73;74;75;76;77;78;79;80;81;82;86;87;88;89;90;91;95;94;93;96;97;98;100;99;101;103;102;137;136;83;84;85;135;134;133;132;130;131;129;123;122;121;124;128;127;126;125;117;119;120;118;111;112;113;114;116;104;115;105;106;109;110;108;107;665;648;649;650;651;652;653;654;655;656;657;658;659;660;662;661;663;664;92;70;71;69;66;68;67;65;64;63;62;61;58;59;60;55;57;56;53;54;35;34;33;32;31;26;24;27;52;28;25;23;22;21;20;19;18;5;3;1;478;2;4;7;6;9;8;10;11;308;309;307;301;300;299;298;295;296;297;305;306;303;302;304;291;292;293;294;290;289;267;268;269;273;351;271;272;364;363;362;361;370;360;262;261;260;270;356;357;358;355;354;353;352;345;346;347;348;349;350;400;401;396;392;389;335;334;331;321;327;325;326;330;329;333;328;283;332;344;340;341;342;343;339;338;337;336;274;279;282;281;280;278;275;277;276;286;285;288;287;284;263;264;265;266;259;253;254;244;251;250;243;242;146;240;239;241;237;238;145;144;143;141;142;235;236;249;246;247;248;245;252;255;256;257;375;377;376;372;371;365;359;366;367;369;417;374;418;373;378;380;258;379;150;151;149;147;148;152;388;385;386;387;381;382;383;384;430;432;433;487;434;153;154;155;157;156;158;159;163;506;505;508;507;165;164;202;201;199;198;196;193;194;206;207;218;220;219;221;224;223;222;215;225;226;227;228;217;216;176;177;178;179;186;180;187;189;192;188;190;191;195;197;200;203;205;204;213;208;209;210;211;212;214;229;232;233;231;230;310;
Melhor Alcançado;335651.000000; Geração;1
Qtde de Entradas Recursivas;0; Qtde Execuções Recursivas;0; Qtde Execuções das Combinações;0



