Instância;./files/gr666.xml
Execução;10 / 25
Tamanho da Populaçap;200
Máximo de gerações;300
Mutação;6
Cruzamento;5
% Manpulação;30
% Mutação;2
Print Parcial;1
Ativa Recursivo;0
Percentual de Redução;78
Profundidade Máxima;100
Percentual de Eltismo;70
Seleção para Cruzamento;0
Forma de Seleção par Mutação;1

Geração 1 / 300:;Profundidade;0;Melhor;409339.000000;Pior;4875735.000000;Media;4378241.525000;Tempo;3773.000000
Geração 2 / 300:;Profundidade;0;Melhor;359068.000000;Pior;4736972.000000;Media;4296212.140000;Tempo;7513.000000
Geração 3 / 300:;Profundidade;0;Melhor;345205.000000;Pior;4803789.000000;Media;4210070.055000;Tempo;11235.000000
Geração 4 / 300:;Profundidade;0;Melhor;342250.000000;Pior;4747053.000000;Media;4095093.970000;Tempo;14958.000000
Temmpo de execução;14958.000000
melhor;342250.000000
Individuo;0;307;308;309;11;6;7;9;8;10;29;30;31;32;33;34;35;40;39;38;37;36;42;48;47;46;45;17;16;15;14;13;12;41;43;44;49;51;50;73;72;64;65;69;68;67;66;63;62;61;58;59;60;55;57;56;54;53;52;28;27;26;24;25;23;22;21;20;19;18;5;4;3;2;1;478;479;480;477;474;475;476;481;619;485;482;483;484;623;624;625;626;628;629;627;630;631;622;632;633;634;600;608;599;598;607;609;610;611;613;621;620;618;617;615;616;614;612;603;602;605;604;606;566;568;569;570;571;572;573;567;565;564;563;562;546;561;560;601;559;544;545;549;548;551;552;555;557;558;556;554;553;550;537;538;509;510;511;512;513;502;504;503;159;158;156;157;155;500;498;501;499;496;497;495;494;490;489;488;493;435;154;434;487;433;431;432;430;384;383;382;381;380;379;258;257;255;256;375;377;376;378;418;417;374;373;372;371;370;360;262;260;261;270;361;362;363;364;357;359;365;366;367;369;368;404;403;406;409;422;410;408;419;420;421;423;425;424;426;427;429;486;428;416;415;414;413;411;407;405;402;397;398;393;396;350;401;400;358;355;354;352;353;356;272;351;273;271;269;268;267;285;289;286;276;277;275;278;280;281;282;279;274;336;337;338;339;340;342;343;341;344;332;283;328;329;333;345;346;349;348;347;334;335;389;392;391;390;441;395;394;399;444;412;446;454;452;451;447;448;450;449;461;462;465;463;464;467;466;468;473;469;472;470;471;530;531;533;532;539;540;543;542;541;534;536;535;529;528;527;524;526;525;515;514;523;516;522;521;520;460;519;517;518;492;491;459;458;457;456;455;453;445;443;442;440;315;439;438;437;436;310;311;312;313;314;323;324;322;321;327;331;330;326;325;320;319;316;317;318;300;301;299;298;296;297;305;306;303;302;304;291;295;294;292;293;290;288;287;284;263;265;264;266;259;253;254;252;244;251;250;242;243;245;246;248;247;249;236;234;140;139;141;142;143;144;145;238;235;237;241;239;240;146;147;149;150;151;387;385;386;388;153;152;148;183;182;181;170;171;166;167;138;168;169;173;174;172;175;176;178;177;180;186;179;188;192;189;190;187;184;185;191;195;193;194;206;207;196;208;209;210;212;213;205;204;203;201;200;199;198;197;162;161;160;163;506;508;505;507;165;164;202;233;231;232;230;229;214;211;221;222;223;215;225;224;226;227;228;220;218;219;216;217;129;130;131;132;133;134;135;83;84;85;81;80;79;78;77;76;74;75;88;87;82;86;90;89;91;71;70;92;95;93;94;96;97;98;99;101;100;104;103;102;137;136;126;125;127;128;124;123;122;121;120;119;118;117;116;114;113;112;110;111;109;105;115;106;107;108;665;640;585;590;586;583;584;582;580;581;579;578;575;577;574;576;587;589;588;597;596;595;594;591;592;593;639;647;646;638;636;635;658;657;637;656;655;645;644;642;641;643;649;648;650;651;654;652;653;662;660;659;661;663;664;547;
Melhor Alcançado;342250.000000; Geração;4
Qtde de Entradas Recursivas;0; Qtde Execuções Recursivas;0; Qtde Execuções das Combinações;0



