Instância;files/gr666.xml
Execução;1 / 3
Tamanho da Populaçap;200
Máximo de gerações;300
Mutação;5
Cruzamento;0
% Manpulação;30
% Mutação;20
Print Parcial;1
Ativa Recursivo;0
Percentual de Redução;77
Profundidade Máxima;5
Percentual de Eltismo;70
Seleção para Cruzamento;0
Forma de Seleção par Mutação;1

Geração 1 / 300:;Profundidade;0;Melhor;4062118.000000;Pior;4748074.000000;Media;4406277.795000;Tempo;2466.000000
Geração 2 / 300:;Profundidade;0;Melhor;4024169.000000;Pior;4860116.000000;Media;4370807.305000;Tempo;5222.000000
Temmpo de execução;5222.000000
melhor;4024169.000000
Individuo;0;142;204;621;75;63;7;8;9;126;12;236;194;232;195;17;18;388;95;122;22;24;14;26;27;447;30;32;166;34;15;534;38;331;40;632;42;43;45;46;23;338;149;629;520;3;638;449;167;446;485;467;442;441;221;439;368;28;264;277;436;433;432;298;427;328;425;378;422;399;341;428;633;413;412;408;407;209;25;489;401;295;613;257;394;392;210;384;445;165;381;104;379;434;406;375;304;661;372;39;33;438;367;509;364;160;570;437;90;355;351;350;543;402;346;515;342;418;340;189;337;336;115;113;333;332;599;235;186;285;325;324;322;320;153;159;170;536;313;517;31;339;309;107;307;306;374;387;88;301;334;553;440;419;205;292;290;288;188;254;182;296;281;16;278;500;537;275;273;272;229;270;284;297;359;299;533;261;259;258;145;256;255;200;253;252;211;220;542;373;276;246;643;640;48;49;2;57;56;58;59;60;61;62;203;470;347;67;69;70;249;197;20;76;77;78;80;81;178;83;214;89;317;147;93;94;73;96;121;305;101;102;103;105;219;215;110;365;114;335;117;91;405;327;430;123;185;127;206;129;131;132;144;294;137;82;227;312;141;172;410;5;130;148;396;151;152;377;155;415;158;371;519;162;163;247;169;435;134;175;414;138;308;581;315;462;183;184;238;212;287;190;191;192;280;198;286;201;226;383;352;207;208;251;108;216;72;179;150;222;174;225;6;139;606;230;19;233;111;13;118;133;240;241;243;244;426;463;490;411;468;271;1;217;642;87;461;478;479;119;482;483;484;293;52;488;398;120;234;496;370;531;499;471;321;502;504;505;140;416;511;196;513;514;510;516;562;648;524;47;521;303;498;199;124;596;282;420;37;618;539;579;600;576;223;385;546;664;65;269;612;551;464;161;550;604;268;362;660;390;561;326;423;578;187;566;567;79;569;54;571;429;573;574;575;424;577;564;540;650;557;583;584;92;71;55;348;460;607;647;649;641;143;639;628;637;291;262;630;228;53;622;164;620;619;616;323;481;173;610;330;357;646;603;231;289;265;477;35;316;594;239;459;469;525;302;366;248;125;97;146;417;218;329;572;29;85;568;602;565;213;563;361;157;558;99;644;555;554;512;319;549;548;545;544;397;552;506;260;128;310;11;475;582;532;559;530;529;528;527;526;589;358;523;522;474;421;263;389;453;659;535;112;501;21;176;403;393;508;507;541;343;274;503;154;279;10;497;135;495;494;171;492;491;391;193;580;431;486;662;626;386;635;480;202;98;598;476;64;450;473;472;444;4;68;168;136;466;465;156;311;586;180;86;51;458;448;456;455;454;250;452;451;267;615;457;657;560;518;363;443;636;585;634;66;41;266;400;493;353;627;283;625;624;623;314;109;116;36;538;617;44;344;614;487;177;611;395;609;608;100;360;349;556;106;181;601;237;345;597;382;595;409;593;631;591;590;404;588;587;547;356;651;652;653;654;655;300;380;376;318;665;84;663;74;50;605;658;354;656;592;242;369;645;245;224;
Melhor Alcançado;1000000.000000; Geração;149107912
Qtde de Entradas Recursivas;0; Qtde Execuções Recursivas;0; Qtde Execuções das Combinações;0



