Instância;./files/gr666.xml
Execução;23 / 25
Tamanho da Populaçap;200
Máximo de gerações;300
Mutação;6
Cruzamento;0
% Manpulação;30
% Mutação;2
Print Parcial;1
Ativa Recursivo;0
Percentual de Redução;78
Profundidade Máxima;100
Percentual de Eltismo;70
Seleção para Cruzamento;0
Forma de Seleção par Mutação;1

Geração 1 / 300:;Profundidade;0;Melhor;421414.000000;Pior;4962161.000000;Media;4361340.205000;Tempo;3557.000000
Geração 2 / 300:;Profundidade;0;Melhor;364020.000000;Pior;4903228.000000;Media;4226544.595000;Tempo;7084.000000
Geração 3 / 300:;Profundidade;0;Melhor;349535.000000;Pior;4944678.000000;Media;4083454.930000;Tempo;10636.000000
Geração 4 / 300:;Profundidade;0;Melhor;345979.000000;Pior;4830186.000000;Media;3950275.120000;Tempo;14144.000000
Geração 5 / 300:;Profundidade;0;Melhor;343341.000000;Pior;4986631.000000;Media;3813066.955000;Tempo;17623.000000
Temmpo de execução;17623.000000
melhor;343341.000000
Individuo;0;464;463;462;465;468;466;467;474;476;475;473;469;470;471;472;530;531;534;533;532;539;540;559;601;560;545;544;543;542;541;547;538;537;536;535;529;528;527;526;509;510;511;512;513;514;515;523;525;524;521;460;457;458;459;519;520;522;516;517;518;492;491;490;489;488;493;494;495;435;496;497;499;500;498;501;502;503;504;159;158;156;155;157;154;153;434;487;486;429;428;416;454;446;412;411;413;414;415;427;426;424;431;433;432;430;425;384;385;387;386;388;152;151;150;379;149;147;242;243;250;251;244;255;256;257;375;370;371;377;376;372;373;378;258;380;381;382;383;420;423;421;422;410;407;405;444;399;398;397;402;403;368;404;406;409;408;419;374;418;417;369;367;366;365;359;358;355;400;401;396;393;394;395;441;390;391;392;389;335;350;348;349;347;334;333;345;346;352;354;357;353;356;272;351;273;271;270;362;364;363;361;360;262;261;260;254;252;245;248;253;259;266;264;265;263;284;302;303;304;305;306;297;296;298;299;295;294;293;292;291;290;287;288;285;289;286;267;268;269;276;277;275;278;274;336;337;338;339;340;344;332;343;342;341;279;282;280;281;283;328;329;331;330;326;325;321;327;320;322;323;324;440;442;443;445;451;452;453;455;456;450;461;449;448;447;438;439;314;315;313;312;437;436;310;311;316;319;317;318;300;301;307;309;11;308;17;16;45;15;14;13;12;46;47;48;42;41;43;36;37;38;32;31;29;30;10;8;9;6;7;19;18;5;4;2;3;1;478;480;479;477;481;619;618;615;616;614;612;603;602;604;605;606;568;569;570;572;571;588;587;589;586;583;584;582;580;581;579;578;576;575;577;574;573;567;566;565;564;563;562;561;546;549;552;551;548;550;553;554;556;555;557;558;233;231;232;230;229;214;210;208;209;213;211;221;224;223;222;215;225;226;227;228;217;216;218;220;219;207;206;194;193;195;196;197;198;199;200;201;204;205;203;202;164;165;507;508;505;506;163;160;161;162;191;185;184;183;187;189;190;192;188;186;180;179;177;178;176;175;174;173;172;171;181;170;182;148;146;240;239;241;246;247;249;236;235;238;237;145;144;143;142;141;140;234;139;166;167;168;169;138;132;131;130;129;133;134;135;83;84;136;137;126;125;127;128;123;124;122;121;119;120;118;117;114;113;112;111;110;109;108;107;665;649;648;650;651;645;644;643;642;641;640;647;646;638;637;636;593;639;585;592;590;591;594;595;596;597;599;600;608;607;598;609;610;611;613;617;620;621;622;485;483;482;484;623;624;625;626;628;627;629;630;631;632;633;634;635;658;657;656;655;652;654;653;662;659;660;661;663;664;105;106;115;116;104;103;102;101;99;100;98;97;96;90;89;91;93;94;95;92;71;88;70;69;68;67;66;65;64;63;62;61;59;60;55;58;57;56;54;53;52;28;27;25;23;22;21;20;24;26;33;34;35;40;39;44;49;50;51;72;73;75;74;76;77;78;79;80;81;85;86;87;82;212;
Melhor Alcançado;343341.000000; Geração;5
Qtde de Entradas Recursivas;0; Qtde Execuções Recursivas;0; Qtde Execuções das Combinações;0



