Instância;./files/gr666.xml
Execução;16 / 25
Tamanho da Populaçap;200
Máximo de gerações;300
Mutação;6
Cruzamento;2
% Manpulação;30
% Mutação;2
Print Parcial;1
Ativa Recursivo;0
Percentual de Redução;78
Profundidade Máxima;100
Percentual de Eltismo;70
Seleção para Cruzamento;0
Forma de Seleção par Mutação;1

Geração 1 / 300:;Profundidade;0;Melhor;401869.000000;Pior;4854207.000000;Media;4356307.490000;Tempo;3506.000000
Geração 2 / 300:;Profundidade;0;Melhor;346806.000000;Pior;4737868.000000;Media;4240730.395000;Tempo;6957.000000
Geração 3 / 300:;Profundidade;0;Melhor;329612.000000;Pior;4558262.000000;Media;4132112.350000;Tempo;10382.000000
Geração 4 / 300:;Profundidade;0;Melhor;325433.000000;Pior;4557423.000000;Media;3984502.350000;Tempo;13769.000000
Geração 5 / 300:;Profundidade;0;Melhor;323347.000000;Pior;4593651.000000;Media;3767407.460000;Tempo;17146.000000
Temmpo de execução;17146.000000
melhor;323347.000000
Individuo;0;309;308;17;16;15;14;13;45;46;47;48;42;12;41;36;37;43;44;49;40;39;38;33;34;35;54;55;60;62;61;59;58;56;57;53;52;28;27;25;23;22;21;20;24;26;32;31;30;29;10;8;9;11;6;7;19;5;18;4;2;3;1;478;479;480;477;476;475;474;467;464;466;473;469;468;465;462;461;463;437;436;312;310;311;316;319;318;317;301;307;300;299;296;298;297;305;306;303;302;304;291;292;294;295;293;290;289;286;285;288;287;284;263;264;265;267;268;269;276;277;275;278;279;280;282;281;283;328;333;329;330;331;321;327;326;325;320;322;324;323;314;313;438;439;315;440;443;442;441;390;391;389;392;396;401;350;349;348;347;335;334;346;345;352;338;339;341;343;332;344;342;340;337;336;274;273;351;271;270;362;361;360;370;375;258;257;256;255;262;261;260;259;266;253;254;252;244;251;250;243;245;248;247;246;249;236;235;234;140;139;141;142;143;144;145;238;237;241;239;240;242;146;147;149;379;150;151;152;388;387;386;385;153;434;154;157;156;155;501;498;500;499;497;496;495;494;435;493;489;490;488;487;486;429;428;416;415;414;413;411;405;407;406;408;409;410;422;421;420;423;425;424;426;427;431;433;432;430;384;383;382;381;380;377;378;376;372;371;364;363;272;357;356;353;354;355;359;358;400;367;366;365;373;374;418;419;417;369;404;368;403;402;398;397;393;394;395;399;444;445;412;446;454;453;452;451;447;448;449;450;455;456;457;458;459;491;492;518;517;516;522;519;460;520;521;524;515;514;523;525;526;527;528;471;470;472;530;529;535;536;537;538;509;510;511;512;513;503;504;502;158;159;506;505;508;507;165;164;163;160;162;161;197;198;199;200;201;204;205;203;202;233;231;230;232;229;215;225;226;227;228;217;216;219;218;220;224;223;222;221;211;214;213;212;210;209;208;196;207;206;194;193;195;191;185;184;183;187;189;190;192;188;179;186;180;178;176;177;181;182;148;170;171;172;175;174;173;169;168;166;167;138;131;130;132;133;134;135;83;84;85;136;137;96;90;89;91;93;95;94;97;98;100;99;101;102;103;104;116;125;126;127;128;129;124;122;123;121;120;119;118;117;111;112;113;114;115;105;106;109;110;108;107;665;648;650;649;651;654;653;652;655;645;644;642;643;641;640;647;639;585;590;589;588;587;586;583;584;582;581;580;579;576;578;575;574;577;558;555;556;557;554;553;550;547;542;541;534;531;533;532;539;540;543;544;548;551;552;549;546;545;559;601;560;561;562;563;565;564;573;572;571;569;570;567;566;568;606;604;605;602;603;614;612;609;610;613;615;616;617;618;620;621;485;619;481;483;482;484;623;624;625;626;628;627;629;630;631;622;633;632;634;611;608;600;599;598;607;597;596;595;594;591;592;593;636;635;637;638;646;656;657;658;659;660;661;662;663;664;92;67;68;69;70;71;88;87;82;86;81;79;80;78;77;76;75;74;51;50;73;72;64;63;65;66;
Melhor Alcançado;323347.000000; Geração;5
Qtde de Entradas Recursivas;0; Qtde Execuções Recursivas;0; Qtde Execuções das Combinações;0



