Instância;./files/gr666.xml
Execução;6 / 25
Tamanho da Populaçap;200
Máximo de gerações;300
Mutação;6
Cruzamento;4
% Manpulação;30
% Mutação;2
Print Parcial;1
Ativa Recursivo;0
Percentual de Redução;78
Profundidade Máxima;100
Percentual de Eltismo;70
Seleção para Cruzamento;0
Forma de Seleção par Mutação;1

Geração 1 / 300:;Profundidade;0;Melhor;414576.000000;Pior;4713107.000000;Media;4337000.960000;Tempo;3492.000000
Geração 2 / 300:;Profundidade;0;Melhor;357164.000000;Pior;4579232.000000;Media;4178028.195000;Tempo;6968.000000
Geração 3 / 300:;Profundidade;0;Melhor;343875.000000;Pior;4519202.000000;Media;4023280.985000;Tempo;10367.000000
Geração 4 / 300:;Profundidade;0;Melhor;338852.000000;Pior;4534502.000000;Media;3844500.990000;Tempo;13810.000000
Geração 5 / 300:;Profundidade;0;Melhor;336943.000000;Pior;4561647.000000;Media;3711318.155000;Tempo;17204.000000
Temmpo de execução;17204.000000
melhor;336943.000000
Individuo;0;309;308;307;301;300;299;298;295;296;297;305;306;304;303;302;284;285;287;288;291;292;294;293;290;289;286;267;268;269;273;274;336;279;278;275;277;276;280;281;282;283;328;332;344;343;341;342;340;339;338;337;352;345;346;348;347;334;333;329;330;326;325;319;318;317;316;312;311;310;436;437;438;439;315;313;314;323;324;322;320;327;321;331;389;335;350;349;401;400;358;355;354;357;356;353;272;351;271;270;260;261;262;360;361;362;363;364;359;365;366;367;417;374;373;372;371;375;370;257;256;255;254;252;253;259;266;265;264;263;248;247;246;242;243;245;244;251;250;147;146;240;239;241;237;238;145;144;143;141;142;235;236;249;234;140;139;166;167;168;138;169;173;174;175;172;171;170;182;183;184;185;191;195;193;194;206;207;196;208;209;210;212;213;211;214;229;232;230;231;233;202;205;204;203;201;200;198;199;197;162;161;160;158;502;504;503;159;163;164;165;506;505;507;508;513;512;511;510;509;526;525;523;514;515;522;516;517;518;519;460;520;524;521;527;528;529;535;538;537;536;534;541;547;550;553;554;557;558;556;555;551;548;552;549;546;562;561;560;601;559;545;544;543;542;540;539;532;533;531;530;471;470;472;469;473;602;604;605;603;614;612;609;607;598;569;570;567;566;568;606;563;565;564;573;571;572;588;587;576;575;574;577;578;579;580;581;582;584;583;586;589;590;585;639;593;635;637;656;657;658;659;660;661;663;662;653;652;654;655;651;650;649;648;644;643;642;641;640;647;645;646;638;636;592;591;594;595;596;597;608;599;600;634;611;610;613;615;616;617;618;620;621;622;632;633;631;630;629;628;627;626;625;624;623;484;482;483;485;619;481;476;475;474;467;466;468;465;462;461;463;464;477;479;480;478;1;3;2;4;18;5;19;7;6;9;8;11;10;29;30;36;37;41;12;13;14;15;16;17;45;46;47;48;42;43;38;39;49;44;40;35;34;33;32;31;26;24;20;22;23;25;27;28;52;53;54;56;57;55;58;60;59;61;62;63;64;65;67;66;68;69;70;71;89;90;91;93;94;96;137;136;86;82;87;88;75;74;51;50;72;73;76;77;78;79;80;81;85;84;83;135;133;134;132;131;130;129;217;119;120;118;121;122;124;123;128;127;126;125;117;113;112;111;110;109;105;115;114;116;104;103;102;101;100;99;98;97;95;92;664;106;107;108;665;228;227;226;224;225;215;222;223;221;220;218;219;216;188;190;192;189;187;186;180;179;178;177;176;181;148;149;379;150;151;152;388;387;386;385;381;380;258;377;376;378;418;419;369;368;404;403;402;398;397;396;392;393;391;390;441;440;443;445;442;395;394;399;444;405;407;411;413;414;412;446;454;453;452;451;447;448;449;450;456;455;457;458;459;492;491;490;489;493;494;495;496;497;435;499;500;498;501;155;156;157;154;153;434;432;433;487;488;486;429;428;416;415;426;427;431;424;425;430;384;383;382;420;421;423;422;410;409;408;406;21;
Melhor Alcançado;336943.000000; Geração;5
Qtde de Entradas Recursivas;0; Qtde Execuções Recursivas;0; Qtde Execuções das Combinações;0



