Instância;files/gr666.xml
Execução;1 / 3
Tamanho da Populaçap;200
Máximo de gerações;300
Mutação;5
Cruzamento;10
% Manpulação;30
% Mutação;20
Print Parcial;1
Ativa Recursivo;0
Percentual de Redução;77
Profundidade Máxima;5
Percentual de Eltismo;70
Seleção para Cruzamento;0
Forma de Seleção par Mutação;1

Geração 1 / 300:;Profundidade;0;Melhor;3035394.000000;Pior;4529839.000000;Media;4089890.650000;Tempo;2287.000000
Geração 2 / 300:;Profundidade;0;Melhor;2284689.000000;Pior;4436477.000000;Media;3628680.995000;Tempo;4590.000000
Temmpo de execução;4590.000000
melhor;2284689.000000
Individuo;0;188;189;135;143;221;425;462;560;535;536;225;223;222;259;435;434;270;269;304;140;396;171;172;265;264;495;456;455;567;566;598;619;492;493;494;375;501;161;519;430;359;358;344;510;446;502;148;275;373;298;299;346;347;348;234;169;534;635;480;626;625;624;623;4;5;6;7;8;616;630;629;409;410;411;414;315;316;20;19;18;632;407;398;399;517;516;155;154;473;524;523;522;231;232;374;293;294;295;296;281;324;323;322;321;320;343;342;186;217;216;117;118;136;131;86;87;88;73;441;248;247;246;12;633;634;569;568;628;627;527;601;602;603;604;605;606;607;608;533;531;532;512;511;162;163;513;549;550;551;475;474;466;175;174;173;424;457;260;412;413;187;195;194;193;192;134;40;92;82;370;380;379;378;377;244;245;253;237;252;251;250;249;139;177;93;129;130;207;206;208;185;417;416;415;157;156;369;144;152;151;150;149;525;53;44;371;268;438;439;440;576;594;508;507;506;505;504;503;190;450;385;386;387;257;258;389;337;282;283;514;314;445;460;459;458;488;372;273;272;271;262;353;390;423;422;421;420;419;418;280;279;332;383;384;303;302;336;147;146;145;444;443;334;335;376;243;242;241;240;239;238;213;212;211;641;651;650;593;574;592;591;449;448;447;404;403;542;548;547;210;200;201;202;442;333;196;538;539;559;558;557;556;481;646;1;350;393;408;319;297;327;326;325;301;287;286;339;340;341;277;278;288;285;451;486;487;158;159;160;164;357;356;355;354;291;292;106;609;472;662;75;368;267;122;22;126;182;110;338;489;228;128;184;649;137;580;103;401;661;397;381;433;312;406;485;452;453;454;74;71;168;115;114;78;205;51;52;176;138;518;575;638;477;541;540;428;429;463;204;215;645;521;490;26;644;104;35;654;583;479;478;170;300;364;365;261;476;426;427;590;589;509;235;236;530;529;528;465;464;482;483;526;643;647;617;9;614;579;191;461;76;77;55;54;659;27;28;256;119;120;121;72;56;587;586;585;584;615;573;656;657;219;218;67;68;111;112;113;43;42;41;395;394;366;367;198;197;349;47;46;45;230;229;233;165;471;470;469;468;467;500;48;255;125;124;123;220;572;571;618;640;639;613;596;600;599;496;497;520;491;331;330;329;328;37;38;274;432;431;660;63;64;65;39;388;499;498;515;642;655;570;561;562;563;620;578;577;537;392;391;2;3;555;554;553;552;24;25;284;351;543;360;361;362;363;127;97;98;99;100;101;23;153;276;311;310;309;308;307;345;11;133;382;79;166;89;90;91;95;94;29;30;31;32;33;132;10;214;209;581;582;141;142;436;437;266;58;59;60;61;62;289;290;81;116;108;107;109;80;167;183;181;180;179;178;199;83;84;57;21;96;49;50;224;70;69;14;13;352;405;318;317;313;400;402;306;305;203;546;545;544;565;588;648;610;611;612;595;597;564;17;16;15;36;254;226;227;652;653;34;85;102;622;621;636;637;66;663;664;665;105;658;484;631;263;
Melhor Alcançado;1000000.000000; Geração;808598384
Qtde de Entradas Recursivas;0; Qtde Execuções Recursivas;0; Qtde Execuções das Combinações;0



