Instância;./files/gr666.xml
Execução;15 / 25
Tamanho da Populaçap;200
Máximo de gerações;300
Mutação;6
Cruzamento;4
% Manpulação;30
% Mutação;2
Print Parcial;1
Ativa Recursivo;0
Percentual de Redução;78
Profundidade Máxima;100
Percentual de Eltismo;70
Seleção para Cruzamento;0
Forma de Seleção par Mutação;1

Geração 1 / 300:;Profundidade;0;Melhor;403949.000000;Pior;4727358.000000;Media;4350842.765000;Tempo;3492.000000
Geração 2 / 300:;Profundidade;0;Melhor;347584.000000;Pior;4636092.000000;Media;4226085.535000;Tempo;6939.000000
Geração 3 / 300:;Profundidade;0;Melhor;333383.000000;Pior;4665625.000000;Media;4079157.530000;Tempo;10378.000000
Geração 4 / 300:;Profundidade;0;Melhor;328394.000000;Pior;4539843.000000;Media;3893684.045000;Tempo;13829.000000
Geração 5 / 300:;Profundidade;0;Melhor;325853.000000;Pior;4596060.000000;Media;3676641.610000;Tempo;17224.000000
Temmpo de execução;17224.000000
melhor;325853.000000
Individuo;0;309;464;463;437;436;310;311;312;313;314;315;439;438;447;450;448;449;461;462;465;468;470;471;472;530;531;532;533;539;540;542;541;534;535;529;528;527;526;525;515;514;523;524;521;520;460;519;522;516;517;518;492;491;459;458;457;456;455;451;452;453;454;446;412;414;413;411;422;410;409;407;405;406;404;368;369;367;366;365;359;358;355;354;357;356;353;352;351;273;271;272;363;364;362;270;361;360;261;260;262;255;256;257;370;371;372;373;374;418;417;419;408;421;420;423;384;383;382;381;380;377;378;376;375;258;379;387;388;386;385;430;432;433;434;487;431;425;424;426;427;415;416;428;429;486;488;490;489;493;494;495;435;496;497;499;500;498;501;155;157;154;156;158;502;503;504;159;163;160;161;162;185;184;183;187;189;190;192;188;180;186;179;178;177;176;175;173;174;169;168;167;138;166;172;171;170;181;182;148;153;152;151;150;149;147;146;242;243;250;251;244;254;252;245;246;241;240;239;237;238;145;144;143;142;141;139;140;234;235;236;249;247;248;253;265;259;266;264;263;284;303;302;304;305;306;297;299;298;296;295;294;292;293;291;290;288;287;285;289;286;267;268;269;276;277;275;278;274;336;279;280;281;282;283;343;342;341;339;338;337;340;344;332;328;333;345;346;347;348;334;335;350;349;400;401;403;402;396;397;398;393;394;399;395;444;445;443;442;440;441;390;391;392;389;331;329;330;326;325;321;327;320;322;324;323;319;318;317;316;300;301;307;308;17;16;45;15;14;13;46;47;48;42;12;41;36;37;43;44;49;50;51;72;73;75;74;76;77;78;79;80;81;86;82;87;88;71;70;69;68;67;66;65;64;63;62;60;55;58;59;61;57;56;54;53;52;28;27;25;23;22;21;20;24;26;32;38;39;40;35;34;33;31;30;29;10;8;11;9;6;7;19;18;5;4;3;2;1;478;480;479;484;623;624;625;626;627;628;629;630;631;622;632;633;634;600;608;598;607;599;597;596;595;594;591;592;639;593;585;590;586;589;588;587;576;575;574;577;578;579;581;580;582;583;584;640;647;641;643;642;644;645;646;638;635;636;637;656;657;658;659;660;661;663;662;653;652;654;655;651;650;649;648;665;107;108;109;110;111;112;113;116;114;115;106;105;664;92;94;95;93;91;89;90;96;97;98;99;100;104;103;101;102;126;137;136;85;84;83;135;134;133;132;130;131;129;128;127;125;117;118;120;119;121;124;123;122;217;216;218;219;220;228;227;224;226;225;215;222;223;221;211;212;214;213;210;209;208;207;206;194;193;195;191;196;197;198;199;200;201;205;204;203;231;230;229;232;233;202;164;165;506;505;507;508;513;511;512;510;509;538;536;537;547;550;553;554;558;557;555;551;548;552;549;543;544;545;559;601;560;561;546;562;563;565;564;573;572;571;570;569;567;566;568;606;605;604;602;603;614;612;609;610;611;613;616;615;617;618;621;620;485;619;481;483;482;477;476;475;474;467;466;473;469;556;
Melhor Alcançado;325853.000000; Geração;5
Qtde de Entradas Recursivas;0; Qtde Execuções Recursivas;0; Qtde Execuções das Combinações;0



