Instância;files/gr666.xml
Execução;1 / 3
Tamanho da Populaçap;200
Máximo de gerações;300
Mutação;5
Cruzamento;3
% Manpulação;30
% Mutação;20
Print Parcial;1
Ativa Recursivo;0
Percentual de Redução;77
Profundidade Máxima;5
Percentual de Eltismo;70
Seleção para Cruzamento;0
Forma de Seleção par Mutação;1

Geração 1 / 300:;Profundidade;0;Melhor;4161288.000000;Pior;4813697.000000;Media;4440325.175000;Tempo;2882.000000
Geração 2 / 300:;Profundidade;0;Melhor;4122269.000000;Pior;4953255.000000;Media;4437331.070000;Tempo;5792.000000
Temmpo de execução;5792.000000
melhor;4122269.000000
Individuo;0;1;2;572;486;441;424;105;212;531;276;66;580;13;255;266;355;335;18;615;491;522;22;180;332;283;130;364;28;250;30;162;172;35;34;473;51;149;38;39;538;426;42;323;44;53;46;47;48;240;661;361;52;173;581;55;56;57;58;59;60;375;62;19;64;65;11;613;68;611;427;418;77;665;74;75;76;72;78;319;80;645;324;83;253;297;86;412;88;417;519;350;92;511;268;267;599;585;642;582;594;595;464;597;598;300;481;601;602;242;358;605;606;607;608;609;485;157;612;477;367;494;360;289;330;204;620;621;622;318;344;625;430;627;628;629;258;631;373;571;634;410;636;637;638;137;500;641;309;568;644;589;278;647;499;555;557;651;112;653;113;655;656;657;658;659;189;357;43;252;235;236;237;238;578;49;151;603;460;244;245;179;247;489;233;503;251;249;159;231;193;229;529;202;124;646;224;191;222;41;372;219;218;217;216;5;447;374;514;206;210;209;208;207;211;205;619;203;551;359;201;199;145;523;411;195;194;652;192;223;537;314;188;187;565;185;295;8;633;84;336;214;178;177;176;502;220;562;398;175;170;169;168;167;196;618;316;406;31;70;400;232;158;23;156;29;257;153;32;380;150;183;148;434;592;465;144;475;152;164;438;139;138;108;136;135;91;126;132;563;37;453;221;127;133;497;285;630;122;527;120;119;118;579;79;115;114;459;623;111;110;109;279;508;333;515;104;103;102;560;100;98;99;663;474;254;286;256;292;161;472;346;518;262;263;264;306;365;521;123;269;270;271;287;340;274;275;10;277;401;305;280;281;260;25;284;390;14;290;535;90;648;291;154;293;294;184;296;85;298;226;388;301;302;282;304;532;549;534;331;146;310;311;312;391;352;574;662;317;230;174;128;321;322;342;546;325;82;327;587;329;165;20;93;131;81;17;363;567;338;402;420;341;437;142;408;545;643;225;451;349;334;351;106;353;243;516;12;480;604;200;614;36;362;228;27;15;4;544;368;50;590;371;526;564;213;61;376;377;378;379;337;381;382;419;143;155;21;387;405;577;71;259;392;393;394;395;396;397;69;548;234;347;556;403;9;96;163;407;471;386;617;166;87;413;414;415;416;517;458;635;215;421;422;423;6;536;431;566;428;429;626;3;432;433;147;63;436;141;140;439;7;273;399;443;444;445;446;468;448;524;313;404;452;541;454;455;456;457;299;591;354;461;190;54;596;343;450;467;241;469;248;45;624;33;462;384;476;16;478;107;383;600;482;483;528;610;542;134;488;303;490;369;492;493;616;650;496;307;498;543;510;501;348;385;504;366;506;160;479;554;640;24;512;513;26;440;67;89;95;466;389;198;409;197;449;525;356;182;484;660;288;586;654;533;125;530;425;272;40;539;540;129;505;339;308;345;326;547;442;265;550;227;552;553;507;649;181;495;558;559;101;509;561;261;632;186;171;639;435;569;570;315;320;573;246;575;576;520;239;117;116;463;593;583;584;97;470;328;588;487;370;121;94;664;73;
Melhor Alcançado;1000000.000000; Geração;808598384
Qtde de Entradas Recursivas;0; Qtde Execuções Recursivas;0; Qtde Execuções das Combinações;0



