Instância;./files/gr666.xml
Execução;17 / 25
Tamanho da Populaçap;200
Máximo de gerações;300
Mutação;6
Cruzamento;0
% Manpulação;30
% Mutação;2
Print Parcial;1
Ativa Recursivo;0
Percentual de Redução;78
Profundidade Máxima;100
Percentual de Eltismo;70
Seleção para Cruzamento;0
Forma de Seleção par Mutação;1

Geração 1 / 300:;Profundidade;0;Melhor;399510.000000;Pior;4831129.000000;Media;4334735.865000;Tempo;3570.000000
Geração 2 / 300:;Profundidade;0;Melhor;350219.000000;Pior;4904957.000000;Media;4265293.890000;Tempo;7011.000000
Geração 3 / 300:;Profundidade;0;Melhor;330532.000000;Pior;5033070.000000;Media;4094515.700000;Tempo;10479.000000
Geração 4 / 300:;Profundidade;0;Melhor;323122.000000;Pior;4842106.000000;Media;3956712.305000;Tempo;13974.000000
Geração 5 / 300:;Profundidade;0;Melhor;321877.000000;Pior;4682292.000000;Media;3777123.270000;Tempo;17454.000000
Temmpo de execução;17454.000000
melhor;321877.000000
Individuo;0;309;308;17;16;15;13;14;45;46;47;48;42;12;41;37;36;43;39;44;49;50;72;73;51;74;75;76;77;78;79;80;81;85;84;83;135;134;133;132;131;130;129;127;128;124;123;122;121;120;119;118;117;113;111;112;110;109;108;107;106;105;115;114;116;104;100;101;103;102;125;126;137;136;96;99;98;97;95;93;94;91;89;90;86;82;87;88;71;70;69;92;664;663;661;662;660;659;21;20;22;23;25;26;24;27;28;52;53;54;56;57;61;59;58;55;60;62;63;66;67;68;65;64;40;35;34;33;38;32;31;30;29;10;11;9;8;6;7;19;18;5;4;3;2;1;478;479;480;477;476;481;619;485;483;482;484;623;624;625;626;628;629;627;630;631;632;633;622;621;620;618;617;614;616;615;613;611;610;609;612;603;602;475;474;467;466;464;463;437;312;436;310;311;313;314;439;315;438;447;448;450;449;461;462;465;468;473;469;470;471;472;530;531;532;533;534;529;535;536;538;537;541;547;550;553;551;548;543;539;540;542;544;545;559;560;601;604;605;606;568;570;569;571;588;587;586;589;591;592;594;595;596;597;599;607;598;608;600;634;635;658;657;637;656;655;654;652;653;651;650;649;648;665;640;647;641;643;642;644;645;646;638;636;593;639;585;590;584;583;582;580;581;579;576;575;578;577;574;572;573;567;566;565;564;563;562;561;546;549;552;555;556;557;554;558;233;232;230;229;231;203;204;205;201;202;164;165;505;508;507;506;163;159;504;503;502;158;160;162;161;200;199;198;197;196;209;208;210;211;212;213;214;215;225;221;222;223;224;226;227;228;217;216;218;220;219;207;206;194;193;195;191;185;184;183;187;189;190;192;188;186;180;179;178;177;176;175;174;173;169;168;167;138;166;171;172;181;182;170;148;149;150;379;258;257;256;370;375;371;372;373;378;376;377;380;381;382;383;384;385;387;386;388;151;152;153;434;154;155;157;156;501;498;500;499;497;496;495;494;493;435;488;489;490;492;491;458;459;519;518;517;516;522;524;525;523;515;514;513;512;511;510;509;526;528;527;521;520;460;457;456;455;452;451;453;454;446;445;443;442;395;394;393;391;390;441;440;324;323;322;320;319;316;317;318;300;301;307;299;298;296;297;305;306;303;302;304;291;292;295;294;293;290;289;286;267;285;287;288;284;263;265;264;266;259;253;254;248;247;246;235;236;249;234;140;139;141;142;143;144;145;238;237;241;239;240;146;147;250;242;243;245;251;244;252;255;262;260;261;360;361;362;363;364;272;351;273;271;270;268;269;276;277;275;278;280;283;281;282;279;274;336;337;338;339;340;341;342;343;344;332;333;329;328;330;326;325;321;327;331;389;335;334;347;349;348;346;345;352;353;356;357;354;355;358;400;401;350;396;397;402;398;399;444;405;407;411;413;415;414;412;416;428;429;486;487;433;432;430;425;431;426;427;424;423;421;420;422;410;409;406;408;419;374;418;417;369;368;403;404;367;366;359;365;392;
Melhor Alcançado;321877.000000; Geração;5
Qtde de Entradas Recursivas;0; Qtde Execuções Recursivas;0; Qtde Execuções das Combinações;0



