Instância;./files/gr666.xml
Execução;13 / 25
Tamanho da Populaçap;200
Máximo de gerações;300
Mutação;6
Cruzamento;5
% Manpulação;30
% Mutação;2
Print Parcial;1
Ativa Recursivo;0
Percentual de Redução;78
Profundidade Máxima;100
Percentual de Eltismo;70
Seleção para Cruzamento;0
Forma de Seleção par Mutação;1

Geração 1 / 300:;Profundidade;0;Melhor;406263.000000;Pior;4772376.000000;Media;4357342.170000;Tempo;3784.000000
Geração 2 / 300:;Profundidade;0;Melhor;352478.000000;Pior;4772597.000000;Media;4270104.265000;Tempo;7505.000000
Geração 3 / 300:;Profundidade;0;Melhor;336950.000000;Pior;4812578.000000;Media;4190378.470000;Tempo;11224.000000
Geração 4 / 300:;Profundidade;0;Melhor;331641.000000;Pior;4735635.000000;Media;4102170.710000;Tempo;14946.000000
Temmpo de execução;14946.000000
melhor;331641.000000
Individuo;0;309;1;478;3;2;4;5;18;19;9;6;7;8;11;10;29;30;37;36;41;43;42;48;47;46;45;12;13;14;15;16;17;308;307;301;300;299;298;296;297;306;305;304;303;302;284;287;288;285;286;276;277;275;278;274;336;337;338;339;340;342;343;344;341;279;280;282;281;283;332;345;346;347;348;349;350;396;393;394;399;444;445;443;442;395;441;390;391;392;389;335;334;333;328;326;330;329;331;321;327;325;320;322;324;323;440;313;314;315;439;438;447;448;450;449;461;462;465;468;466;467;464;463;437;436;310;312;311;316;319;318;317;295;294;293;291;292;290;289;267;263;265;264;266;268;269;273;351;272;271;270;261;260;259;253;254;252;244;245;248;246;247;249;236;235;234;140;139;166;138;167;168;169;174;175;173;172;171;170;182;181;177;176;178;179;180;186;187;190;189;188;192;193;194;195;191;185;184;183;148;141;142;143;144;145;238;237;240;241;239;146;242;243;250;251;147;379;150;149;151;387;385;386;388;152;153;434;432;433;487;486;428;429;427;426;431;424;410;422;409;406;404;368;367;369;419;408;421;420;423;425;430;384;383;382;381;380;258;377;376;378;418;417;374;373;372;371;370;375;257;256;255;262;360;361;362;363;364;357;356;353;354;352;355;359;365;366;358;400;401;403;402;397;398;405;407;411;413;414;415;416;412;446;454;455;453;452;451;456;457;458;459;491;492;490;489;488;493;494;495;497;496;498;501;500;499;435;154;157;155;156;158;160;161;162;159;163;504;503;502;513;523;514;515;522;517;516;518;519;460;520;521;524;525;526;528;527;529;535;534;536;541;542;540;539;533;532;531;530;472;471;470;469;473;475;474;476;477;480;479;484;623;624;625;626;628;627;629;630;631;632;633;622;620;621;485;483;482;481;619;618;617;615;616;613;614;612;609;610;611;634;600;608;599;607;598;597;596;594;595;588;587;589;591;592;593;636;635;658;657;656;637;638;646;645;644;655;654;652;653;651;650;648;649;643;642;641;640;647;639;585;590;584;586;583;582;581;580;579;576;575;578;577;574;572;571;570;569;568;606;605;604;603;602;601;560;562;563;565;566;567;573;564;561;546;549;559;545;544;543;548;551;552;555;557;558;556;554;553;550;547;537;538;509;510;511;512;508;505;506;507;165;164;201;200;199;198;197;196;209;208;210;212;211;214;213;204;205;203;202;233;231;230;232;229;215;225;221;222;223;224;226;227;228;220;218;219;207;206;216;217;665;107;108;106;105;115;114;113;109;110;112;111;118;120;121;124;123;122;119;117;116;104;100;99;101;103;102;126;125;127;128;129;131;130;132;133;134;135;83;80;79;81;84;85;136;137;96;98;97;95;94;93;92;66;63;62;59;58;61;57;53;52;54;56;55;64;65;68;67;69;70;71;91;90;89;88;87;82;86;78;77;76;75;74;73;72;51;50;49;44;40;35;34;33;39;38;32;31;26;28;27;25;23;22;24;21;20;659;660;661;662;663;664;60;
Melhor Alcançado;331641.000000; Geração;4
Qtde de Entradas Recursivas;0; Qtde Execuções Recursivas;0; Qtde Execuções das Combinações;0



