Instância;./files/gr666.xml
Execução;13 / 25
Tamanho da Populaçap;200
Máximo de gerações;300
Mutação;6
Cruzamento;1
% Manpulação;30
% Mutação;2
Print Parcial;1
Ativa Recursivo;0
Percentual de Redução;78
Profundidade Máxima;100
Percentual de Eltismo;70
Seleção para Cruzamento;0
Forma de Seleção par Mutação;1

Geração 1 / 300:;Profundidade;0;Melhor;408040.000000;Pior;4971822.000000;Media;4380757.940000;Tempo;3517.000000
Geração 2 / 300:;Profundidade;0;Melhor;357710.000000;Pior;5002865.000000;Media;4300679.160000;Tempo;6974.000000
Geração 3 / 300:;Profundidade;0;Melhor;344180.000000;Pior;5018036.000000;Media;4141002.545000;Tempo;10446.000000
Geração 4 / 300:;Profundidade;0;Melhor;338869.000000;Pior;4963559.000000;Media;4071563.050000;Tempo;13881.000000
Geração 5 / 300:;Profundidade;0;Melhor;337217.000000;Pior;4927900.000000;Media;3887125.050000;Tempo;17320.000000
Temmpo de execução;17320.000000
melhor;337217.000000
Individuo;0;309;308;17;16;15;14;13;45;46;47;48;42;12;41;36;37;30;29;10;11;8;9;6;7;18;5;19;24;21;20;22;23;25;28;27;52;53;54;55;56;57;58;59;61;60;62;63;66;67;68;70;69;65;64;40;39;35;34;33;26;31;32;38;43;44;49;51;50;72;73;75;76;74;77;78;79;80;85;81;86;82;87;88;71;89;90;91;92;95;93;94;96;97;98;100;99;101;102;103;104;116;114;115;105;106;109;110;112;111;113;117;125;119;118;120;121;122;124;123;128;127;126;137;136;84;83;135;133;134;132;131;129;130;216;217;108;107;665;648;650;649;651;652;654;655;656;657;658;635;637;636;638;646;645;642;643;644;641;640;647;639;585;593;592;591;594;595;596;597;588;587;589;586;590;584;583;582;581;580;579;576;575;578;577;574;571;572;573;567;566;565;564;563;562;549;546;561;560;601;559;545;544;543;548;552;555;556;557;558;554;551;553;550;547;541;542;540;539;532;533;531;530;534;537;538;536;535;529;528;527;471;472;470;469;468;466;465;462;461;448;449;450;457;456;455;453;452;451;447;443;442;395;441;324;440;438;439;315;313;314;323;322;327;321;389;335;350;349;346;348;347;334;333;345;332;344;343;341;342;340;339;338;337;352;357;356;272;353;354;355;358;359;365;366;367;400;401;403;368;404;369;417;374;418;373;378;376;377;380;379;258;375;370;371;372;364;363;362;270;361;360;261;260;262;257;256;255;254;252;244;251;147;149;151;150;388;386;387;385;381;382;383;384;430;425;423;420;421;419;408;409;422;410;407;405;398;397;402;396;392;391;390;393;394;399;444;445;446;412;411;413;414;415;427;426;424;431;432;433;487;486;429;428;416;454;488;490;489;493;494;492;491;518;522;516;517;519;459;458;460;520;521;524;523;515;514;525;526;509;510;512;511;513;508;507;505;506;163;165;164;202;233;232;231;230;229;214;213;204;205;203;201;200;199;198;196;209;208;210;212;211;222;223;221;215;225;226;227;224;228;220;219;218;207;206;193;194;195;197;191;162;161;160;159;503;504;502;158;156;157;154;155;500;498;501;499;497;496;495;435;434;153;152;148;170;181;182;183;184;185;190;189;192;188;187;186;180;179;178;177;176;175;171;172;174;173;169;168;167;138;166;139;140;234;141;142;143;144;146;242;250;243;245;247;246;241;240;239;145;238;237;235;236;249;248;253;259;266;265;264;263;284;285;289;286;267;268;269;271;351;273;274;336;279;278;275;276;277;280;281;282;283;328;329;331;330;326;325;320;319;318;299;296;297;298;295;294;292;291;293;290;288;287;302;303;304;305;306;307;301;300;317;316;311;310;312;436;437;463;464;477;476;475;474;467;473;602;604;605;606;568;569;570;607;598;599;600;608;634;611;610;609;603;612;614;616;615;613;617;620;618;619;481;482;483;485;621;622;632;633;631;630;627;629;628;626;625;624;623;484;479;480;478;1;4;2;3;659;660;653;662;661;663;664;406;
Melhor Alcançado;337217.000000; Geração;5
Qtde de Entradas Recursivas;0; Qtde Execuções Recursivas;0; Qtde Execuções das Combinações;0



