Instância;./files/gr666.xml
Execução;11 / 25
Tamanho da Populaçap;200
Máximo de gerações;300
Mutação;6
Cruzamento;4
% Manpulação;30
% Mutação;2
Print Parcial;1
Ativa Recursivo;0
Percentual de Redução;78
Profundidade Máxima;100
Percentual de Eltismo;70
Seleção para Cruzamento;0
Forma de Seleção par Mutação;1

Geração 1 / 300:;Profundidade;0;Melhor;403128.000000;Pior;4816592.000000;Media;4340799.065000;Tempo;3489.000000
Geração 2 / 300:;Profundidade;0;Melhor;348703.000000;Pior;4651204.000000;Media;4213821.790000;Tempo;6964.000000
Geração 3 / 300:;Profundidade;0;Melhor;331927.000000;Pior;4592415.000000;Media;4106218.115000;Tempo;10410.000000
Geração 4 / 300:;Profundidade;0;Melhor;326613.000000;Pior;4532203.000000;Media;3976670.435000;Tempo;13861.000000
Geração 5 / 300:;Profundidade;0;Melhor;325321.000000;Pior;4509616.000000;Media;3794002.380000;Tempo;17252.000000
Temmpo de execução;17252.000000
melhor;325321.000000
Individuo;0;309;308;17;16;45;15;14;13;46;47;48;42;12;36;37;41;43;39;38;32;26;24;20;21;22;23;25;27;28;52;53;54;55;56;57;58;59;61;62;60;63;64;65;66;67;68;69;70;71;88;89;90;91;94;93;95;92;664;663;661;662;660;653;652;654;655;645;644;651;650;649;648;643;642;641;640;585;590;589;591;588;587;586;584;583;582;580;581;579;576;578;575;574;577;558;557;556;554;555;551;553;550;547;548;552;549;546;562;561;563;564;573;572;571;570;569;567;565;566;568;606;604;605;602;473;601;560;545;544;559;543;539;534;536;535;529;528;527;526;525;524;521;520;460;458;459;491;492;519;518;517;516;522;515;514;523;513;511;512;510;509;538;537;541;542;540;533;532;531;530;472;471;470;469;468;465;466;467;474;475;476;477;481;619;485;483;482;484;623;624;625;626;627;629;628;630;631;632;633;622;621;620;618;617;613;616;615;614;612;603;609;610;611;634;600;608;607;598;599;597;596;595;594;635;636;593;592;639;647;646;638;637;656;657;658;659;479;480;478;1;2;3;4;5;18;19;7;6;9;8;11;10;29;30;31;33;34;35;40;44;49;51;50;72;73;75;74;76;77;78;82;87;86;80;79;81;85;84;83;136;137;96;97;98;100;99;101;102;103;104;116;117;125;126;127;128;135;134;133;132;131;130;129;123;124;122;121;119;120;118;111;112;113;114;115;105;106;109;110;108;107;665;217;216;218;219;220;228;227;226;224;223;221;222;225;215;229;230;231;232;233;202;201;203;204;205;213;212;214;211;210;208;209;196;207;206;194;193;195;190;189;192;188;187;186;180;179;178;176;177;181;170;171;172;173;175;174;169;168;167;138;166;139;140;234;235;236;249;247;248;245;246;241;240;239;237;238;145;141;142;143;144;146;242;243;244;251;250;147;149;148;182;183;184;185;191;197;199;198;200;162;160;161;164;165;506;507;508;505;163;159;503;504;502;158;157;154;156;155;500;501;498;499;435;497;496;495;494;493;489;490;454;445;412;446;416;428;429;486;487;434;433;432;430;425;424;431;426;427;415;413;414;411;407;406;408;409;410;422;421;423;420;419;417;374;418;373;372;376;377;378;380;383;384;382;381;387;385;386;388;153;152;151;150;379;258;375;371;370;257;256;255;252;254;253;259;266;264;263;265;267;286;289;290;287;288;285;284;302;303;304;305;306;291;294;292;293;295;297;296;298;299;307;301;300;318;317;316;319;320;322;324;323;314;313;439;315;438;312;311;310;436;437;463;464;462;461;449;450;457;456;455;453;452;451;448;447;443;442;440;395;394;393;399;444;405;398;402;397;396;392;391;441;390;321;327;325;326;330;329;331;389;335;334;347;348;346;349;350;401;400;367;403;404;368;369;366;365;359;358;355;354;352;353;356;357;272;351;273;271;363;364;362;361;360;261;262;260;270;269;268;276;275;277;278;280;281;282;279;274;336;337;338;339;341;343;342;340;345;333;328;283;332;344;488;
Melhor Alcançado;325321.000000; Geração;5
Qtde de Entradas Recursivas;0; Qtde Execuções Recursivas;0; Qtde Execuções das Combinações;0



