Instância;./files/gr666.xml
Execução;25 / 25
Tamanho da Populaçap;200
Máximo de gerações;300
Mutação;6
Cruzamento;3
% Manpulação;30
% Mutação;2
Print Parcial;1
Ativa Recursivo;0
Percentual de Redução;78
Profundidade Máxima;100
Percentual de Eltismo;70
Seleção para Cruzamento;0
Forma de Seleção par Mutação;1

Geração 1 / 300:;Profundidade;0;Melhor;406051.000000;Pior;4829809.000000;Media;4358753.705000;Tempo;3475.000000
Geração 2 / 300:;Profundidade;0;Melhor;359923.000000;Pior;4772548.000000;Media;4287582.160000;Tempo;6921.000000
Geração 3 / 300:;Profundidade;0;Melhor;340469.000000;Pior;4736647.000000;Media;4214535.190000;Tempo;10356.000000
Geração 4 / 300:;Profundidade;0;Melhor;336043.000000;Pior;4822902.000000;Media;4130181.140000;Tempo;13794.000000
Geração 5 / 300:;Profundidade;0;Melhor;333748.000000;Pior;4749792.000000;Media;4072240.570000;Tempo;17201.000000
Temmpo de execução;17201.000000
melhor;333748.000000
Individuo;0;309;11;8;9;10;29;30;36;37;43;42;41;12;48;47;46;45;13;14;15;16;17;308;307;301;300;318;317;319;320;325;326;330;329;328;283;332;343;344;340;342;341;339;337;338;336;279;282;281;280;278;277;276;275;274;273;351;271;269;268;266;267;286;289;285;288;287;290;293;292;291;294;295;299;296;298;297;305;306;304;303;302;284;263;264;265;259;253;248;245;244;252;254;260;261;262;255;256;257;258;380;381;382;383;384;430;432;433;487;434;153;152;388;386;385;387;151;150;379;149;147;251;250;242;243;246;247;249;236;235;234;140;139;141;143;142;144;145;238;237;241;239;240;146;148;182;170;181;171;172;174;173;175;169;168;167;166;138;135;134;133;132;131;130;129;127;128;124;123;122;121;119;120;118;111;112;113;110;109;106;105;115;114;116;117;125;126;102;101;103;104;100;99;98;97;96;137;136;83;84;85;80;79;81;86;82;78;77;76;74;75;88;87;71;89;90;91;94;93;95;92;70;69;68;65;67;66;63;62;60;59;58;61;57;56;53;54;55;64;72;73;50;51;49;44;40;35;34;33;39;38;32;31;26;27;52;28;25;23;22;21;20;24;19;18;5;7;6;4;3;2;1;478;480;479;484;623;624;625;626;627;629;628;630;631;632;633;622;621;620;617;613;611;610;609;612;614;616;615;618;485;619;481;483;482;477;476;474;475;467;464;463;462;461;449;450;448;451;452;453;455;456;457;460;458;459;491;519;520;521;524;525;512;511;510;509;526;527;528;529;535;538;537;536;541;547;550;553;554;555;556;557;558;578;577;574;575;576;579;581;580;582;583;584;586;590;589;587;588;571;572;573;567;566;565;564;563;562;561;546;560;601;559;544;545;549;552;551;548;543;542;540;539;534;533;532;531;530;472;470;471;469;468;465;466;473;602;603;605;604;606;568;569;570;607;598;608;600;599;597;596;595;594;591;592;593;636;635;658;657;656;637;638;639;585;640;647;646;645;644;642;641;643;648;649;650;651;655;654;652;653;659;660;662;661;663;664;107;665;108;217;228;227;226;225;222;223;221;224;220;218;219;207;206;193;194;196;208;209;210;211;212;213;214;215;229;232;230;231;233;202;204;205;203;201;200;199;198;197;191;195;190;189;192;188;216;178;176;177;179;180;186;187;183;184;185;162;161;160;159;158;502;503;504;163;164;165;505;506;507;508;513;514;515;523;522;517;516;518;492;494;495;496;497;499;498;501;500;155;156;157;154;435;493;489;490;488;486;429;427;431;426;424;425;423;421;420;419;369;417;418;374;373;378;377;376;372;371;375;370;360;361;270;362;364;363;272;357;353;356;352;354;355;358;366;365;359;367;404;368;403;401;400;350;349;348;347;346;345;333;334;335;389;331;327;321;322;324;323;314;313;312;316;311;310;436;437;447;438;439;315;440;442;443;445;412;446;454;416;428;415;414;413;411;410;422;409;408;406;407;405;398;397;402;396;393;392;391;390;441;395;394;399;444;634;
Melhor Alcançado;333748.000000; Geração;5
Qtde de Entradas Recursivas;0; Qtde Execuções Recursivas;0; Qtde Execuções das Combinações;0



