Instância;files/gr666.xml
Execução;1 / 3
Tamanho da Populaçap;200
Máximo de gerações;300
Mutação;5
Cruzamento;14
% Manpulação;30
% Mutação;20
Print Parcial;1
Ativa Recursivo;0
Percentual de Redução;77
Profundidade Máxima;5
Percentual de Eltismo;70
Seleção para Cruzamento;0
Forma de Seleção par Mutação;1

Geração 1 / 300:;Profundidade;0;Melhor;2709664.000000;Pior;4538862.000000;Media;3972268.145000;Tempo;2288.000000
Geração 2 / 300:;Profundidade;0;Melhor;1819833.000000;Pior;4432337.000000;Media;3397118.000000;Tempo;4567.000000
Temmpo de execução;4567.000000
melhor;1819833.000000
Individuo;0;1;2;3;4;19;91;92;662;661;660;659;479;7;8;15;14;13;16;17;56;308;29;47;48;419;418;417;349;333;280;423;522;521;520;459;460;140;138;139;380;246;247;263;336;332;356;445;444;489;490;491;492;386;149;143;248;375;377;376;393;260;261;275;274;293;292;327;389;350;351;352;335;399;337;338;324;272;326;325;262;374;428;495;496;497;498;499;500;501;435;504;515;514;513;512;511;510;509;538;404;354;357;366;367;368;369;359;360;361;348;347;400;414;269;519;518;517;429;430;431;432;433;434;398;329;330;331;258;362;363;364;282;281;406;407;408;409;383;382;346;244;245;254;253;286;285;284;320;321;322;323;315;537;536;451;452;453;402;310;311;283;328;339;67;66;71;70;69;68;65;102;101;97;96;94;95;74;129;240;241;424;425;426;291;267;420;421;378;373;372;371;370;189;190;177;251;250;145;146;142;141;202;201;208;209;196;197;198;505;506;203;200;178;155;154;259;53;81;135;89;50;51;35;34;33;32;31;115;114;128;127;126;137;6;5;358;486;487;436;296;295;294;288;287;276;277;278;279;303;304;394;319;318;317;268;256;379;344;345;334;159;160;150;151;152;410;411;412;388;446;447;249;273;465;180;181;440;441;439;341;342;448;355;147;148;195;194;193;450;449;467;466;300;299;298;234;235;171;170;242;243;252;133;134;136;186;187;306;307;305;392;391;390;266;405;302;255;82;72;73;173;172;191;153;507;508;468;566;565;564;563;601;577;571;598;599;600;630;605;606;607;609;594;546;603;602;623;88;87;103;78;77;30;52;525;526;544;545;590;589;588;573;610;611;585;584;634;587;586;469;458;473;474;620;621;569;568;614;613;612;596;581;214;183;174;175;216;217;104;105;106;112;58;59;60;61;44;45;43;413;228;227;213;212;223;226;220;85;84;90;122;123;124;86;169;395;264;663;664;109;110;111;131;26;27;28;54;633;632;629;628;353;210;643;644;199;222;132;624;625;646;647;483;484;237;365;25;608;626;20;24;23;443;297;539;340;597;543;211;164;165;547;168;454;403;46;41;21;116;117;80;79;642;641;640;639;638;637;652;653;654;655;549;232;167;166;39;38;618;619;527;528;502;503;176;265;205;233;270;257;461;556;555;562;231;230;229;219;225;396;397;529;530;540;651;650;649;648;485;422;381;236;207;206;218;238;635;567;554;343;37;36;42;76;40;83;57;63;64;188;49;113;120;121;309;12;11;10;9;532;533;534;542;578;592;580;582;583;645;658;657;656;595;572;559;455;524;523;481;316;488;427;161;144;464;463;271;493;622;593;516;313;312;184;179;182;472;471;470;604;561;482;615;616;617;475;548;541;550;553;552;557;558;204;185;158;162;576;575;574;478;477;476;457;456;156;157;437;438;401;301;62;289;239;98;108;107;221;591;480;570;55;290;385;125;631;535;551;627;579;314;442;387;462;18;665;224;99;100;93;415;163;531;384;560;75;215;494;416;636;118;130;192;22;119;
Melhor Alcançado;1000000.000000; Geração;808598384
Qtde de Entradas Recursivas;0; Qtde Execuções Recursivas;0; Qtde Execuções das Combinações;0



