Instância;./files/gr666.xml
Execução;12 / 25
Tamanho da Populaçap;200
Máximo de gerações;300
Mutação;6
Cruzamento;5
% Manpulação;30
% Mutação;2
Print Parcial;1
Ativa Recursivo;0
Percentual de Redução;78
Profundidade Máxima;100
Percentual de Eltismo;70
Seleção para Cruzamento;0
Forma de Seleção par Mutação;1

Geração 1 / 300:;Profundidade;0;Melhor;415402.000000;Pior;4887168.000000;Media;4377979.735000;Tempo;3778.000000
Geração 2 / 300:;Profundidade;0;Melhor;359666.000000;Pior;4783529.000000;Media;4302550.395000;Tempo;7515.000000
Geração 3 / 300:;Profundidade;0;Melhor;343606.000000;Pior;4742272.000000;Media;4207792.765000;Tempo;11238.000000
Geração 4 / 300:;Profundidade;0;Melhor;338123.000000;Pior;4683930.000000;Media;4128383.590000;Tempo;14950.000000
Temmpo de execução;14950.000000
melhor;338123.000000
Individuo;0;309;308;17;16;45;14;15;13;12;46;47;48;42;43;38;39;40;49;44;41;36;37;31;26;24;20;21;22;23;25;27;28;52;53;54;56;57;55;59;60;58;61;62;63;64;65;66;67;68;69;70;92;71;88;87;82;86;85;84;83;135;134;133;132;130;131;138;166;167;168;169;173;174;175;172;171;170;182;181;177;176;178;179;180;186;188;192;189;190;187;183;184;185;148;144;240;241;239;237;238;145;143;142;141;139;140;234;235;236;249;247;246;245;248;253;264;267;268;269;276;277;275;278;280;282;281;283;279;274;336;337;338;339;341;342;343;340;344;332;345;333;328;329;330;326;325;327;321;331;389;335;334;347;346;348;349;350;401;400;358;355;357;354;352;353;356;272;351;273;271;270;363;364;362;361;360;261;260;262;255;256;257;375;370;371;372;365;359;366;367;369;368;404;403;402;397;396;392;391;390;441;395;442;443;445;444;399;393;394;398;405;406;407;411;410;409;408;419;417;418;374;373;376;378;377;258;380;381;387;388;386;385;382;384;383;423;420;421;422;424;425;430;432;433;431;427;426;429;428;416;415;413;414;412;446;454;453;452;455;451;447;448;461;462;449;450;456;457;460;519;459;458;491;490;492;518;517;516;522;520;521;527;528;526;525;524;523;514;515;513;512;511;510;509;538;537;536;534;533;532;531;529;535;530;472;471;470;473;469;468;465;466;467;474;475;476;481;482;483;485;619;621;620;618;617;613;615;616;614;612;610;611;609;603;602;604;605;606;601;560;559;544;545;543;540;539;542;541;547;550;553;554;556;557;558;555;551;548;552;549;546;561;562;563;564;565;567;566;568;569;570;571;572;573;574;577;575;576;578;579;581;580;582;584;583;586;587;588;589;590;592;593;636;635;658;657;656;637;638;646;655;653;654;652;651;650;649;648;643;642;645;644;641;640;647;639;585;591;594;596;595;597;598;607;599;608;600;634;633;632;622;631;630;627;629;628;626;625;624;623;484;479;480;478;477;464;463;437;311;310;436;312;438;313;314;315;439;440;324;323;322;320;319;316;317;318;300;301;307;299;297;296;298;295;294;292;293;289;286;285;287;288;290;291;304;305;306;303;302;284;263;265;266;259;254;252;244;251;250;243;242;146;147;149;379;150;151;152;153;434;487;486;488;489;493;494;495;496;497;435;499;500;498;501;156;155;154;157;158;502;503;504;159;160;161;162;163;506;505;507;508;165;164;202;233;232;230;229;231;205;204;203;201;200;199;198;197;191;195;194;193;206;207;196;209;208;210;211;212;213;214;215;225;226;227;228;224;222;223;221;219;220;218;216;217;119;120;121;122;124;123;129;128;127;126;125;117;118;111;112;110;109;108;107;106;105;115;113;114;116;104;100;103;102;101;99;98;97;95;94;93;91;89;90;96;137;136;81;80;79;78;77;76;74;75;51;50;73;72;35;34;33;32;30;29;10;11;9;8;6;7;19;18;5;4;2;1;3;659;660;661;662;663;664;665;
Melhor Alcançado;338123.000000; Geração;4
Qtde de Entradas Recursivas;0; Qtde Execuções Recursivas;0; Qtde Execuções das Combinações;0



