Instância;./files/gr666.xml
Execução;10 / 25
Tamanho da Populaçap;200
Máximo de gerações;300
Mutação;6
Cruzamento;3
% Manpulação;30
% Mutação;2
Print Parcial;1
Ativa Recursivo;0
Percentual de Redução;78
Profundidade Máxima;100
Percentual de Eltismo;70
Seleção para Cruzamento;0
Forma de Seleção par Mutação;1

Geração 1 / 300:;Profundidade;0;Melhor;395111.000000;Pior;4879975.000000;Media;4366854.075000;Tempo;3479.000000
Geração 2 / 300:;Profundidade;0;Melhor;343305.000000;Pior;4818571.000000;Media;4293841.830000;Tempo;6979.000000
Geração 3 / 300:;Profundidade;0;Melhor;330829.000000;Pior;4759948.000000;Media;4176891.430000;Tempo;10405.000000
Geração 4 / 300:;Profundidade;0;Melhor;324931.000000;Pior;4749651.000000;Media;4099842.170000;Tempo;13818.000000
Geração 5 / 300:;Profundidade;0;Melhor;322151.000000;Pior;4753191.000000;Media;4005305.060000;Tempo;17227.000000
Temmpo de execução;17227.000000
melhor;322151.000000
Individuo;0;309;308;17;16;45;15;14;13;12;48;47;46;42;41;36;37;43;44;49;51;73;50;72;64;65;63;62;60;55;58;59;61;57;56;54;53;52;27;28;25;23;22;20;21;24;26;33;34;35;40;39;38;32;31;30;29;10;8;9;11;6;7;19;5;18;4;2;1;3;478;479;480;477;474;475;476;481;619;485;482;483;484;623;624;625;626;630;627;629;628;631;633;632;622;621;620;618;617;613;615;616;614;612;609;610;611;634;600;608;599;597;598;607;569;570;568;606;605;604;603;602;601;560;559;545;544;543;542;540;539;473;466;467;464;463;461;462;465;468;469;470;472;471;530;531;532;533;534;529;535;536;537;538;541;547;550;553;554;556;557;558;555;551;552;548;549;546;561;562;563;564;565;566;567;573;572;571;574;577;575;576;578;579;580;581;582;583;584;590;586;589;587;588;596;595;594;591;592;593;639;585;647;640;641;642;643;648;650;649;651;652;654;655;644;645;646;638;636;635;637;656;657;658;659;660;653;662;661;663;664;107;665;108;110;111;112;109;106;105;115;114;113;116;117;118;120;119;121;122;124;123;128;127;125;126;102;101;103;104;100;99;98;97;92;67;66;68;69;70;71;88;75;74;76;77;78;79;80;81;86;82;87;90;89;91;93;95;94;96;137;136;85;84;83;135;133;134;132;131;130;129;217;216;218;219;220;228;227;226;225;215;224;223;222;221;211;212;210;209;208;196;207;206;194;193;192;188;189;187;186;180;179;178;177;176;175;171;172;174;173;169;168;167;138;166;139;140;234;235;249;236;247;246;241;237;238;145;144;141;142;143;239;240;146;242;243;245;248;253;254;252;244;251;250;147;149;379;150;151;148;170;181;182;183;185;184;190;191;195;197;198;199;200;201;203;204;205;213;214;229;231;230;232;233;202;164;165;508;507;505;506;163;160;161;162;158;502;159;503;504;513;514;523;515;524;525;512;511;510;509;526;528;527;521;520;460;519;522;516;517;518;492;491;459;458;457;456;450;449;448;447;438;312;310;311;436;316;318;317;300;307;301;299;298;297;296;295;293;292;294;291;305;306;304;303;302;284;263;265;264;285;288;287;290;289;286;267;268;266;259;260;261;270;363;364;362;361;360;262;255;256;257;370;371;375;258;377;376;378;372;373;374;418;417;369;367;368;404;403;396;402;397;398;393;392;389;335;334;345;346;348;347;349;350;401;400;366;365;359;358;355;354;352;353;356;357;272;271;273;351;269;276;277;275;278;280;282;281;279;274;336;337;338;339;340;341;343;342;344;332;283;328;333;329;330;331;321;327;326;325;320;319;322;324;323;314;313;315;439;440;442;443;445;412;446;454;453;452;451;455;490;489;493;435;154;157;156;155;500;498;501;499;497;496;495;494;488;486;429;428;416;415;426;427;431;424;425;430;432;433;487;434;153;152;388;386;385;387;381;380;382;383;384;423;421;420;419;408;409;410;422;413;414;411;407;406;405;444;399;394;395;441;390;391;437;
Melhor Alcançado;322151.000000; Geração;5
Qtde de Entradas Recursivas;0; Qtde Execuções Recursivas;0; Qtde Execuções das Combinações;0



