Instância;files/gr666.xml
Execução;2 / 3
Tamanho da Populaçap;200
Máximo de gerações;300
Mutação;5
Cruzamento;6
% Manpulação;30
% Mutação;20
Print Parcial;1
Ativa Recursivo;0
Percentual de Redução;77
Profundidade Máxima;5
Percentual de Eltismo;70
Seleção para Cruzamento;0
Forma de Seleção par Mutação;1

Geração 1 / 300:;Profundidade;0;Melhor;4113138.000000;Pior;4981258.000000;Media;4468317.510000;Tempo;2339.000000
Geração 2 / 300:;Profundidade;0;Melhor;4074645.000000;Pior;5125110.000000;Media;4466343.445000;Tempo;4719.000000
Temmpo de execução;4719.000000
melhor;4074645.000000
Individuo;0;74;435;308;547;508;201;403;164;623;340;502;251;17;195;523;147;257;434;19;20;627;622;376;418;98;26;27;45;35;228;491;32;33;34;600;7;37;139;39;40;41;42;43;145;69;364;331;48;49;50;30;52;663;400;542;394;100;104;463;521;617;466;410;369;44;194;529;472;315;593;475;113;477;555;250;441;481;482;483;423;437;486;487;94;236;490;31;492;493;494;383;496;539;295;302;500;501;362;395;504;452;506;507;5;412;451;511;345;352;608;367;440;517;518;81;224;225;427;300;454;549;550;551;3;553;328;187;556;557;573;559;560;561;562;563;648;565;420;567;568;14;6;544;572;196;574;198;197;577;217;424;580;111;153;583;584;596;661;587;588;589;513;402;411;474;594;659;652;75;624;599;530;601;602;327;645;578;635;442;514;644;282;181;612;25;614;615;76;311;531;619;620;621;15;419;372;227;460;413;354;649;165;213;632;633;634;253;636;637;453;639;458;146;642;641;215;657;56;57;375;59;60;61;62;575;64;185;310;67;68;597;606;389;313;73;273;287;616;629;78;79;106;519;359;339;84;85;341;86;468;655;90;248;269;93;337;95;351;647;461;99;408;101;102;347;158;171;334;107;446;109;651;581;103;329;392;115;116;368;233;119;120;121;122;330;124;125;249;91;484;129;535;131;123;133;134;135;136;137;138;365;140;479;489;143;144;141;595;532;148;149;150;240;152;82;70;155;156;421;332;470;324;161;162;407;8;24;285;110;168;290;355;105;172;173;174;586;130;177;4;643;180;288;182;183;184;277;208;321;582;169;190;191;192;193;409;51;405;239;179;417;200;570;202;456;204;205;206;207;38;209;210;211;212;631;214;234;271;605;398;219;509;221;222;223;386;566;476;436;18;229;230;231;238;118;54;235;142;237;127;377;128;241;585;429;244;245;246;247;306;126;397;72;258;154;254;255;256;92;280;432;618;261;262;263;264;358;266;401;268;160;270;157;13;1;274;495;276;9;524;279;473;281;112;2;284;63;286;22;320;289;167;159;498;293;291;292;296;297;298;323;178;77;499;303;304;305;356;307;188;309;66;333;312;391;357;378;571;317;88;319;28;515;322;449;272;325;478;603;186;448;579;462;534;444;613;335;83;505;326;396;10;536;342;343;344;512;346;232;348;349;497;96;526;353;628;283;422;576;382;163;361;360;385;363;569;267;366;338;117;29;625;371;80;373;546;12;443;278;46;379;380;108;265;275;384;538;520;387;388;71;390;316;114;393;226;503;558;11;218;399;541;554;591;132;243;336;406;21;469;166;467;450;301;552;414;415;416;199;464;314;545;216;242;252;457;425;426;374;428;626;430;431;259;433;370;170;488;485;438;439;516;480;607;23;611;445;381;447;543;299;592;510;656;638;548;455;58;658;640;459;404;598;630;522;260;65;525;318;527;528;471;590;465;16;533;203;176;87;537;540;350;294;609;604;646;97;564;220;650;189;610;653;654;89;151;55;36;53;660;665;662;47;664;175;
Melhor Alcançado;1000000.000000; Geração;33
Qtde de Entradas Recursivas;0; Qtde Execuções Recursivas;0; Qtde Execuções das Combinações;0



