Instância;files/gr666.xml
Execução;1 / 3
Tamanho da Populaçap;200
Máximo de gerações;300
Mutação;5
Cruzamento;7
% Manpulação;30
% Mutação;20
Print Parcial;1
Ativa Recursivo;0
Percentual de Redução;77
Profundidade Máxima;5
Percentual de Eltismo;70
Seleção para Cruzamento;0
Forma de Seleção par Mutação;1

Geração 1 / 300:;Profundidade;0;Melhor;350734.000000;Pior;4529050.000000;Media;3218656.645000;Tempo;2238.000000
Geração 2 / 300:;Profundidade;0;Melhor;348073.000000;Pior;4436921.000000;Media;1999314.175000;Tempo;4417.000000
Temmpo de execução;4417.000000
melhor;348073.000000
Individuo;0;309;308;307;301;300;299;298;296;297;305;306;304;303;302;284;287;288;285;286;289;290;293;294;292;291;295;281;282;280;278;275;277;276;269;268;267;264;265;266;259;253;254;252;244;251;250;243;242;241;240;239;145;238;237;235;236;249;247;246;245;248;263;270;361;360;261;260;262;370;375;371;372;373;374;418;417;419;369;368;404;403;402;397;398;405;407;411;413;412;414;415;428;429;486;487;433;432;430;425;424;426;427;431;423;421;420;382;383;384;381;380;378;377;376;258;257;256;255;362;363;364;272;356;353;352;354;355;358;359;365;366;367;400;401;350;349;348;347;334;335;389;331;330;329;328;333;345;346;344;343;342;341;340;339;338;337;336;274;279;332;283;326;325;327;321;320;322;323;324;441;390;391;392;396;393;394;399;444;395;442;443;440;439;315;314;313;438;312;311;310;436;437;448;449;450;461;462;464;463;316;319;317;318;148;216;217;228;220;218;219;195;191;508;232;233;231;230;229;215;225;227;226;224;223;222;221;208;209;210;211;212;214;213;205;204;203;202;201;200;198;199;197;196;207;206;194;193;188;192;190;189;187;186;180;179;178;177;176;175;138;166;167;168;169;173;174;172;171;170;181;182;183;184;185;162;161;160;163;164;165;507;506;505;513;502;504;503;159;158;153;434;488;435;154;157;156;155;498;501;500;499;497;496;495;494;493;489;490;519;460;534;532;533;531;530;529;535;536;538;537;550;547;541;542;540;539;559;545;544;543;548;555;558;557;556;554;553;551;552;549;546;562;561;560;601;473;467;466;465;468;469;470;472;471;527;528;526;509;510;511;512;514;515;523;525;524;521;520;522;516;517;518;492;491;459;458;457;456;455;445;447;451;452;453;454;446;416;406;422;410;409;408;271;273;351;357;379;387;385;386;388;152;151;150;149;147;146;144;143;142;141;139;140;234;17;16;15;37;36;12;13;14;45;46;47;48;42;41;43;40;35;34;33;26;24;20;21;22;23;25;27;28;52;53;54;55;56;57;61;58;59;60;62;63;64;65;66;67;68;69;70;71;89;90;91;93;94;95;97;98;99;100;101;103;102;128;127;126;125;117;110;109;106;105;115;114;113;112;111;118;119;120;121;122;123;124;129;130;131;132;133;134;135;83;84;85;81;80;79;78;77;76;75;74;72;73;51;50;49;44;39;38;32;31;30;29;10;8;9;6;7;19;18;5;4;3;2;1;478;479;480;477;618;476;474;475;602;609;611;610;613;617;615;616;614;612;603;605;604;606;569;570;571;572;573;564;565;567;566;568;607;598;599;608;600;634;631;626;627;629;630;628;625;624;623;484;482;483;481;619;485;620;621;622;632;633;563;574;577;575;576;578;579;580;581;582;583;584;586;589;590;585;639;638;637;656;657;658;635;636;593;592;591;594;595;596;597;588;587;640;647;641;642;643;644;645;646;655;654;653;652;651;650;649;648;665;107;108;116;104;88;87;82;86;136;137;96;92;664;663;661;662;660;659;11;
Melhor Alcançado;348073.000000; Geração;2
Qtde de Entradas Recursivas;0; Qtde Execuções Recursivas;0; Qtde Execuções das Combinações;0



