Instância;./files/gr666.xml
Execução;22 / 25
Tamanho da Populaçap;200
Máximo de gerações;300
Mutação;6
Cruzamento;5
% Manpulação;30
% Mutação;2
Print Parcial;1
Ativa Recursivo;0
Percentual de Redução;78
Profundidade Máxima;100
Percentual de Eltismo;70
Seleção para Cruzamento;0
Forma de Seleção par Mutação;1

Geração 1 / 300:;Profundidade;0;Melhor;414629.000000;Pior;4778089.000000;Media;4367753.160000;Tempo;3793.000000
Geração 2 / 300:;Profundidade;0;Melhor;352701.000000;Pior;4752304.000000;Media;4294119.830000;Tempo;7511.000000
Geração 3 / 300:;Profundidade;0;Melhor;338503.000000;Pior;4790490.000000;Media;4213386.705000;Tempo;11236.000000
Geração 4 / 300:;Profundidade;0;Melhor;334576.000000;Pior;4752914.000000;Media;4097230.510000;Tempo;14961.000000
Temmpo de execução;14961.000000
melhor;334576.000000
Individuo;0;309;307;308;11;10;9;8;26;33;32;31;30;29;37;36;41;12;42;43;38;39;44;49;51;50;73;72;40;35;34;54;55;58;59;60;62;61;57;56;53;52;28;27;25;23;22;20;21;24;18;5;19;7;6;4;2;3;1;478;479;480;477;476;475;614;612;603;602;604;605;606;568;566;565;567;569;570;571;572;573;564;563;560;601;561;562;546;549;552;548;551;555;557;558;556;554;553;550;547;541;542;540;543;544;545;559;539;532;533;534;537;538;536;535;529;528;527;530;531;472;471;470;469;473;468;465;466;467;464;463;436;437;438;315;439;314;313;312;310;311;316;319;318;317;300;301;299;298;296;297;306;303;302;304;305;295;294;293;292;291;290;289;267;286;285;288;287;284;263;264;265;253;259;266;268;270;363;364;362;361;360;261;260;262;370;375;371;376;372;373;374;417;418;419;408;422;410;409;406;407;405;444;399;394;393;398;397;402;403;368;369;404;367;366;359;365;358;355;354;352;353;357;356;272;271;351;273;269;276;277;275;278;280;281;282;279;274;336;337;338;339;340;341;343;342;344;332;283;328;333;329;330;326;325;320;322;323;324;327;321;331;389;335;334;347;346;345;348;349;400;401;350;396;392;391;390;441;440;395;442;443;445;451;455;453;452;447;448;449;461;462;450;456;457;460;520;521;524;523;515;514;525;526;509;510;511;512;513;502;503;504;159;158;154;157;156;155;500;498;501;499;496;497;435;493;495;494;492;518;517;516;522;519;458;459;491;490;489;488;454;446;412;414;411;413;415;416;428;429;486;487;434;153;430;432;433;431;427;426;424;425;421;420;423;384;383;382;381;380;378;377;258;257;256;255;254;252;244;245;246;247;248;249;236;235;142;141;143;144;145;238;237;241;239;240;146;242;243;250;251;147;149;150;379;387;385;386;388;152;151;148;182;181;170;171;172;175;176;177;178;179;180;186;189;187;183;184;185;162;161;160;163;506;505;507;508;165;164;200;201;203;204;205;202;233;231;232;230;229;214;213;212;208;209;210;211;221;222;223;215;225;224;226;227;228;219;220;218;207;206;193;194;196;198;199;197;195;191;190;192;188;216;217;118;119;120;121;122;123;124;128;127;126;125;117;116;115;105;106;114;113;112;111;110;109;108;107;665;643;642;641;640;584;583;582;580;581;579;575;574;577;578;576;587;588;589;586;590;585;592;591;594;596;595;597;598;607;609;610;611;608;599;600;634;632;633;631;622;621;620;613;616;615;617;618;619;481;485;483;482;484;623;624;625;626;628;627;629;630;635;658;657;656;637;638;636;593;639;647;646;645;644;649;648;650;651;655;652;654;653;662;660;659;661;663;664;92;70;69;67;66;63;64;65;68;71;88;75;74;76;77;78;79;80;81;82;86;87;89;90;91;93;94;95;96;97;98;99;100;104;101;103;102;137;136;83;84;85;135;134;133;132;130;129;131;138;174;173;169;168;167;166;139;140;234;17;16;15;13;14;45;46;47;48;474;
Melhor Alcançado;334576.000000; Geração;4
Qtde de Entradas Recursivas;0; Qtde Execuções Recursivas;0; Qtde Execuções das Combinações;0



