Instância;./files/gr666.xml
Execução;5 / 25
Tamanho da Populaçap;200
Máximo de gerações;300
Mutação;6
Cruzamento;0
% Manpulação;30
% Mutação;2
Print Parcial;1
Ativa Recursivo;0
Percentual de Redução;78
Profundidade Máxima;100
Percentual de Eltismo;70
Seleção para Cruzamento;0
Forma de Seleção par Mutação;1

Geração 1 / 300:;Profundidade;0;Melhor;414219.000000;Pior;4879137.000000;Media;4339656.710000;Tempo;3573.000000
Geração 2 / 300:;Profundidade;0;Melhor;358510.000000;Pior;4870804.000000;Media;4206202.690000;Tempo;7069.000000
Geração 3 / 300:;Profundidade;0;Melhor;341352.000000;Pior;4854084.000000;Media;4104287.290000;Tempo;10562.000000
Geração 4 / 300:;Profundidade;0;Melhor;336780.000000;Pior;4928292.000000;Media;3961459.450000;Tempo;14091.000000
Geração 5 / 300:;Profundidade;0;Melhor;335445.000000;Pior;4963903.000000;Media;3779403.890000;Tempo;17598.000000
Temmpo de execução;17598.000000
melhor;335445.000000
Individuo;0;309;308;17;16;15;13;14;45;46;47;48;12;42;41;43;44;49;51;50;72;73;74;75;76;77;78;80;81;79;86;82;87;88;71;89;90;91;93;94;95;92;70;69;68;65;67;66;63;64;40;39;38;37;36;30;29;31;32;33;34;35;54;55;60;62;61;59;58;56;57;53;52;28;27;26;24;25;23;22;21;20;19;18;5;7;6;9;8;10;11;4;1;3;478;479;480;482;481;619;485;483;484;623;624;625;626;627;630;628;629;631;632;633;622;621;620;618;617;616;615;612;614;475;473;469;468;465;466;467;474;476;477;464;463;462;461;449;448;450;447;438;315;439;314;313;312;437;436;310;311;316;323;322;324;440;442;443;445;444;405;406;368;404;403;367;365;366;359;358;400;401;349;350;392;396;402;398;397;393;394;399;395;441;390;391;389;335;334;347;348;346;355;354;357;356;353;352;345;332;344;343;342;341;340;339;338;337;336;274;273;351;272;364;363;362;360;361;270;271;269;268;267;285;289;286;276;277;275;278;279;280;282;281;283;333;328;329;331;330;326;325;327;321;320;319;317;318;300;301;307;303;302;304;305;306;297;296;298;299;295;294;293;292;291;290;288;287;284;263;264;265;266;259;253;254;252;244;245;246;247;248;249;236;235;234;140;139;141;142;143;144;145;238;237;241;240;239;146;242;243;250;251;147;149;150;151;152;148;185;184;183;182;181;170;171;172;166;167;138;168;169;173;174;175;176;178;177;179;186;180;187;188;192;189;190;195;191;162;161;160;164;200;197;198;199;201;203;205;204;213;212;211;210;209;208;196;193;194;206;207;218;219;220;228;227;226;225;224;221;223;222;215;214;229;232;230;231;233;202;165;508;507;505;506;163;159;158;504;503;502;513;514;515;523;522;516;517;518;492;491;490;489;493;494;495;496;497;499;501;498;500;156;157;154;155;435;488;486;487;434;153;385;388;386;387;379;380;381;382;383;384;430;432;433;431;427;429;428;416;415;426;424;425;423;421;420;378;376;377;258;257;256;255;260;261;262;370;371;375;372;373;374;418;417;369;419;408;422;410;409;407;411;413;414;412;446;454;453;452;455;451;456;457;458;459;519;460;520;521;524;525;512;511;510;509;526;528;527;471;470;472;530;529;535;536;537;538;534;533;531;532;539;540;542;541;547;550;553;555;556;558;557;554;551;548;552;549;546;545;544;543;559;560;601;561;562;563;606;605;604;602;603;609;610;613;611;634;600;608;599;598;607;570;569;568;566;567;565;564;573;571;572;574;577;575;576;578;579;580;581;582;583;584;585;590;586;589;587;588;597;595;596;594;591;592;593;639;636;635;658;657;656;637;638;647;640;641;643;642;644;645;646;655;654;652;653;660;659;661;662;651;649;650;648;665;217;216;124;122;123;121;120;119;118;117;116;125;126;127;128;129;130;131;132;133;134;135;84;83;85;136;137;96;97;98;100;99;101;102;103;104;105;106;115;114;113;112;111;110;109;108;107;663;664;2;
Melhor Alcançado;335445.000000; Geração;5
Qtde de Entradas Recursivas;0; Qtde Execuções Recursivas;0; Qtde Execuções das Combinações;0



