Instância;./files/gr666.xml
Execução;7 / 25
Tamanho da Populaçap;200
Máximo de gerações;300
Mutação;6
Cruzamento;0
% Manpulação;30
% Mutação;2
Print Parcial;1
Ativa Recursivo;0
Percentual de Redução;78
Profundidade Máxima;100
Percentual de Eltismo;70
Seleção para Cruzamento;0
Forma de Seleção par Mutação;1

Geração 1 / 300:;Profundidade;0;Melhor;411797.000000;Pior;4984112.000000;Media;4353369.830000;Tempo;3540.000000
Geração 2 / 300:;Profundidade;0;Melhor;360554.000000;Pior;4790022.000000;Media;4226143.070000;Tempo;7047.000000
Geração 3 / 300:;Profundidade;0;Melhor;342517.000000;Pior;4752908.000000;Media;4104438.035000;Tempo;10544.000000
Geração 4 / 300:;Profundidade;0;Melhor;336692.000000;Pior;5027095.000000;Media;3992803.145000;Tempo;14030.000000
Geração 5 / 300:;Profundidade;0;Melhor;334938.000000;Pior;4740369.000000;Media;3847420.475000;Tempo;17509.000000
Temmpo de execução;17509.000000
melhor;334938.000000
Individuo;0;464;463;462;461;465;466;467;474;475;616;615;614;612;603;602;604;605;606;568;607;598;608;600;599;597;596;595;594;591;592;593;636;637;638;646;645;642;643;644;641;647;640;639;585;590;584;583;582;581;579;580;586;589;588;587;576;578;577;575;574;573;572;571;570;569;567;566;565;564;563;562;546;549;552;551;555;556;557;558;554;553;550;547;538;537;536;541;534;532;533;531;539;540;542;548;543;544;559;545;561;560;601;473;469;468;470;471;472;530;529;535;528;527;526;509;510;512;511;513;515;514;523;525;524;521;520;460;519;522;516;517;518;492;494;495;496;497;435;499;500;498;501;155;154;156;157;158;504;503;502;159;163;506;505;508;507;165;164;161;160;162;191;195;196;197;198;199;200;201;205;204;203;202;233;231;230;232;229;214;213;210;209;208;212;211;221;222;223;224;215;225;226;227;228;220;219;218;217;216;207;206;194;193;192;189;188;190;185;184;183;182;180;186;179;178;177;176;181;170;171;172;174;175;173;169;168;138;167;166;139;140;234;235;236;249;247;248;253;259;266;265;264;263;284;302;303;304;305;306;297;296;298;295;294;293;292;291;290;288;287;285;289;286;267;268;269;276;277;275;278;279;280;281;282;283;328;333;345;346;355;359;365;366;369;417;420;421;423;425;430;432;433;431;427;426;424;422;410;409;408;419;418;374;373;378;377;376;372;371;375;370;360;361;362;363;364;272;356;357;353;354;352;337;338;340;332;344;343;342;341;339;336;274;273;351;271;270;261;260;262;255;256;257;258;380;381;382;383;384;385;387;386;388;152;151;150;379;149;147;242;243;250;251;244;254;252;245;246;241;240;239;237;238;145;142;141;143;144;146;148;153;434;487;486;488;493;489;490;491;459;458;457;456;455;454;453;452;451;450;449;448;447;438;437;436;310;311;312;313;314;439;315;440;442;443;445;412;446;416;428;429;415;414;413;411;407;406;405;444;399;398;397;402;403;404;368;367;358;400;401;349;350;348;347;334;335;396;393;394;395;441;390;391;392;389;331;329;330;326;325;327;321;320;324;323;322;319;316;317;318;299;300;301;307;309;308;17;16;14;15;13;45;46;47;48;42;12;41;36;37;43;38;39;40;44;49;51;50;72;73;75;74;76;77;78;80;79;81;86;82;87;88;71;89;90;91;94;95;93;96;97;98;99;100;101;103;104;116;114;117;125;126;102;137;136;85;84;83;135;134;133;132;130;131;129;128;127;124;123;122;121;120;119;118;112;111;113;115;105;106;109;110;108;107;665;648;649;650;651;652;653;654;655;656;657;658;635;634;633;611;610;609;613;617;618;620;621;622;632;631;630;629;627;628;626;625;624;623;484;482;483;485;619;481;476;477;480;479;478;1;2;3;4;18;5;19;7;6;8;9;11;10;29;30;31;32;33;34;35;54;55;60;63;64;65;68;92;70;69;67;66;62;61;59;58;56;57;53;52;28;27;24;26;25;23;22;20;21;659;660;662;661;663;664;187;
Melhor Alcançado;334938.000000; Geração;5
Qtde de Entradas Recursivas;0; Qtde Execuções Recursivas;0; Qtde Execuções das Combinações;0



