Instância;./files/gr666.xml
Execução;12 / 25
Tamanho da Populaçap;200
Máximo de gerações;300
Mutação;6
Cruzamento;1
% Manpulação;30
% Mutação;2
Print Parcial;1
Ativa Recursivo;0
Percentual de Redução;78
Profundidade Máxima;100
Percentual de Eltismo;70
Seleção para Cruzamento;0
Forma de Seleção par Mutação;1

Geração 1 / 300:;Profundidade;0;Melhor;416200.000000;Pior;5056424.000000;Media;4406279.410000;Tempo;3505.000000
Geração 2 / 300:;Profundidade;0;Melhor;361598.000000;Pior;5036374.000000;Media;4324695.890000;Tempo;6975.000000
Geração 3 / 300:;Profundidade;0;Melhor;345701.000000;Pior;5056816.000000;Media;4242164.690000;Tempo;10424.000000
Geração 4 / 300:;Profundidade;0;Melhor;338818.000000;Pior;4992009.000000;Media;4132186.000000;Tempo;13869.000000
Geração 5 / 300:;Profundidade;0;Melhor;337257.000000;Pior;4920532.000000;Media;4013824.585000;Tempo;17325.000000
Temmpo de execução;17325.000000
melhor;337257.000000
Individuo;0;309;308;307;301;300;317;318;316;319;322;323;324;441;390;391;392;396;398;397;402;403;368;404;406;408;419;369;417;374;418;373;376;378;380;381;382;383;384;430;386;385;387;388;153;152;151;150;379;258;377;372;371;375;370;360;361;362;363;364;359;365;366;367;401;400;358;355;354;346;349;350;348;347;334;335;389;331;321;327;320;325;326;330;329;328;283;281;280;282;279;278;277;275;274;336;337;338;339;341;342;343;340;344;332;333;345;352;356;353;357;272;351;273;271;270;261;260;262;257;256;255;244;252;254;245;246;247;248;253;259;266;264;265;267;268;269;276;289;286;285;288;287;290;293;291;292;294;295;296;298;299;297;305;306;304;302;303;284;263;249;235;236;234;140;139;141;142;143;144;145;238;237;241;240;239;146;242;250;243;251;147;149;148;170;181;171;172;166;138;167;168;169;173;174;175;176;178;179;186;180;177;182;183;187;189;190;188;192;206;207;194;193;195;191;184;185;162;161;160;164;201;200;198;199;197;196;208;209;210;212;211;214;213;205;204;203;202;165;507;508;505;506;163;159;158;504;503;502;513;512;511;510;509;538;537;536;535;529;528;527;530;472;471;470;473;469;468;465;462;461;450;449;448;447;451;452;453;455;456;457;460;520;521;524;526;525;514;523;515;522;516;517;518;519;459;458;491;492;490;489;488;493;494;495;435;497;496;499;498;501;500;155;157;156;154;434;432;433;487;486;429;428;416;454;446;412;414;411;413;415;427;426;431;424;425;423;420;421;422;410;409;407;405;444;399;393;394;395;443;445;442;440;439;315;438;314;313;312;311;310;436;437;463;464;466;467;474;475;476;477;482;483;481;619;485;618;617;620;621;622;632;633;631;630;629;627;626;628;625;624;623;484;479;480;478;2;1;3;4;18;5;19;7;6;8;9;11;10;29;30;31;32;39;38;36;37;41;12;13;14;15;17;16;45;47;46;48;42;43;44;49;50;72;73;51;40;35;34;33;27;26;24;21;20;22;23;25;28;52;53;54;61;59;58;57;56;55;60;62;63;64;65;66;67;68;69;70;92;95;93;94;91;90;89;71;88;87;82;86;75;74;76;77;78;79;80;81;85;83;84;135;133;134;132;131;130;129;128;127;124;123;122;121;119;118;120;117;125;126;136;137;96;97;98;99;100;101;102;103;104;116;114;113;112;111;110;109;115;105;106;107;108;217;216;220;218;219;221;222;223;224;228;227;226;225;215;229;230;231;232;233;558;577;574;572;571;570;569;568;566;567;573;565;564;562;546;549;552;548;551;555;556;557;554;553;550;547;541;542;534;531;533;532;539;540;543;545;544;559;601;560;561;563;606;607;598;597;599;600;608;610;609;605;604;602;603;612;614;615;616;613;611;634;635;658;657;656;638;637;636;593;592;591;594;595;596;588;587;576;575;578;579;580;581;582;583;586;589;590;584;585;639;647;640;641;646;645;644;642;643;648;649;650;651;655;654;652;653;659;660;662;661;663;664;665;
Melhor Alcançado;337257.000000; Geração;5
Qtde de Entradas Recursivas;0; Qtde Execuções Recursivas;0; Qtde Execuções das Combinações;0



