Instância;files/gr666.xml
Execução;1 / 3
Tamanho da Populaçap;200
Máximo de gerações;300
Mutação;5
Cruzamento;1
% Manpulação;30
% Mutação;20
Print Parcial;1
Ativa Recursivo;0
Percentual de Redução;77
Profundidade Máxima;5
Percentual de Eltismo;70
Seleção para Cruzamento;0
Forma de Seleção par Mutação;1

Geração 1 / 300:;Profundidade;0;Melhor;4056101.000000;Pior;4904737.000000;Media;4465435.945000;Tempo;2604.000000
Geração 2 / 300:;Profundidade;0;Melhor;4016982.000000;Pior;4980271.000000;Media;4456632.420000;Tempo;5212.000000
Temmpo de execução;5212.000000
melhor;4016982.000000
Individuo;0;619;217;3;4;574;220;7;60;9;251;11;22;658;356;419;16;17;130;19;44;524;146;23;24;236;26;27;36;29;595;31;32;14;34;650;47;250;485;630;617;528;42;647;398;482;370;445;48;49;50;429;52;642;561;212;56;585;287;96;10;61;199;273;451;483;66;67;437;69;70;309;72;425;74;75;76;106;262;530;8;81;382;367;84;296;376;119;379;89;371;661;92;93;94;95;407;588;391;433;340;101;102;613;504;105;325;354;108;109;110;111;112;113;39;640;116;117;355;499;507;196;122;123;124;638;535;127;128;82;406;131;495;337;134;346;91;137;138;139;140;163;142;143;144;440;469;2;148;172;276;151;152;583;153;155;156;415;401;159;289;397;342;141;275;165;166;167;168;103;211;97;373;162;323;193;463;177;178;179;180;241;234;475;184;432;186;187;188;191;512;409;192;181;591;416;611;189;456;648;43;38;194;195;175;197;198;270;200;201;202;203;643;205;206;447;423;209;639;33;324;173;529;548;216;556;218;219;317;515;633;665;277;284;226;227;228;229;460;659;232;272;182;170;263;237;238;223;240;369;444;243;443;18;54;247;248;249;555;210;297;25;254;157;256;257;258;259;430;261;78;253;99;265;480;267;501;269;286;644;311;160;64;118;377;365;607;554;657;252;298;299;328;35;459;303;304;68;306;307;308;114;333;439;312;313;224;57;316;616;158;319;586;321;506;174;55;169;300;580;609;329;330;542;58;125;334;335;336;133;338;364;492;341;331;343;282;345;244;486;348;305;350;63;352;353;107;624;30;541;358;359;360;361;362;490;20;301;518;552;615;578;46;183;372;233;374;375;86;508;378;604;380;381;394;383;384;385;386;344;388;235;390;98;161;605;620;565;547;493;498;399;266;652;656;314;387;491;88;59;462;293;357;411;412;413;255;449;654;417;190;15;420;21;422;208;424;438;221;427;164;51;268;431;185;264;505;410;436;310;584;597;121;441;37;509;454;149;327;339;225;600;645;525;452;453;526;514;176;560;569;302;242;135;40;553;464;465;466;392;239;12;470;471;472;473;651;539;476;477;478;479;389;481;550;521;484;426;347;532;488;623;349;403;442;288;428;132;496;497;527;53;500;260;45;503;171;434;322;90;400;5;510;457;418;513;455;587;516;517;366;519;520;115;522;523;421;77;145;446;292;214;79;531;487;533;534;566;536;537;538;285;540;435;213;543;544;545;546;396;489;467;73;71;625;599;295;100;320;126;558;559;511;246;562;563;564;395;627;567;231;458;637;571;621;573;461;575;576;577;404;579;414;294;582;363;402;315;147;502;104;589;590;653;592;593;594;551;596;628;598;230;80;601;602;603;245;549;606;581;608;326;207;87;612;290;614;368;6;393;618;1;129;572;622;283;215;136;626;557;408;629;610;631;632;222;634;635;636;570;405;41;65;62;271;85;351;274;494;150;154;278;568;280;281;318;28;448;649;641;291;204;332;450;646;655;474;120;13;279;660;83;662;663;664;468;
Melhor Alcançado;1000000.000000; Geração;808598384
Qtde de Entradas Recursivas;0; Qtde Execuções Recursivas;0; Qtde Execuções das Combinações;0



