Instância;./files/gr666.xml
Execução;3 / 25
Tamanho da Populaçap;200
Máximo de gerações;300
Mutação;6
Cruzamento;1
% Manpulação;30
% Mutação;2
Print Parcial;1
Ativa Recursivo;0
Percentual de Redução;78
Profundidade Máxima;100
Percentual de Eltismo;70
Seleção para Cruzamento;0
Forma de Seleção par Mutação;1

Geração 1 / 300:;Profundidade;0;Melhor;414459.000000;Pior;4921117.000000;Media;4368076.255000;Tempo;3783.000000
Geração 2 / 300:;Profundidade;0;Melhor;353692.000000;Pior;5033493.000000;Media;4287916.540000;Tempo;7516.000000
Geração 3 / 300:;Profundidade;0;Melhor;338979.000000;Pior;5056438.000000;Media;4218861.800000;Tempo;11249.000000
Geração 4 / 300:;Profundidade;0;Melhor;335423.000000;Pior;5002254.000000;Media;4124657.565000;Tempo;14978.000000
Temmpo de execução;14978.000000
melhor;335423.000000
Individuo;0;309;308;307;301;300;299;318;319;317;316;311;310;436;312;313;314;315;439;438;437;463;464;477;480;479;478;1;2;4;3;659;5;18;19;7;6;11;9;8;10;29;30;36;37;12;13;15;16;17;14;45;46;47;48;42;41;43;38;39;32;31;26;27;24;20;21;22;23;25;52;28;33;34;35;40;44;49;50;73;51;72;64;55;56;54;53;57;58;59;61;60;62;63;65;66;67;68;69;70;71;88;75;74;76;77;78;79;80;81;82;86;87;90;89;91;93;94;95;96;101;100;104;103;102;126;125;117;118;120;119;121;122;123;124;127;128;129;131;130;132;133;134;135;83;84;85;136;137;99;98;97;92;664;663;662;661;660;652;653;654;655;656;637;657;658;635;636;593;638;646;645;644;651;650;649;648;643;642;641;640;647;639;585;592;591;594;595;597;596;588;587;589;586;590;584;583;582;581;580;579;578;576;575;577;574;572;571;570;569;567;573;564;565;563;566;568;606;604;605;602;603;614;612;609;610;608;607;598;599;600;634;633;632;631;630;629;628;627;626;625;624;623;484;482;483;481;619;485;618;620;621;622;611;613;617;615;616;476;475;474;467;466;465;468;473;469;470;471;472;530;531;532;533;534;541;542;540;539;543;544;545;559;560;601;561;562;546;549;552;548;551;555;558;556;557;554;553;550;547;538;537;536;535;529;528;527;526;509;510;511;512;508;507;165;505;506;163;164;162;161;160;159;503;504;158;502;513;515;514;523;525;524;521;520;519;517;522;516;518;494;495;496;497;499;498;501;500;156;157;154;155;435;493;489;490;492;491;458;459;460;457;456;455;453;452;451;450;462;461;449;448;447;443;445;412;446;454;488;487;486;429;416;428;415;414;413;411;407;406;405;444;399;398;397;402;403;404;368;419;420;383;384;385;386;387;379;258;377;376;378;380;381;382;423;421;408;409;410;422;426;427;431;424;425;430;432;433;434;153;388;152;151;150;149;147;146;242;243;250;251;244;255;256;257;375;370;262;260;261;270;361;360;362;363;364;371;372;373;374;418;417;369;367;366;365;359;355;358;400;401;396;392;391;390;441;393;394;395;442;440;324;322;323;320;321;327;325;326;330;329;331;389;335;350;349;346;348;347;334;333;328;332;283;281;282;280;278;277;276;275;279;274;336;338;337;339;340;342;341;343;344;345;354;352;353;356;357;272;351;271;273;269;267;289;286;285;288;287;290;293;292;291;294;295;296;298;297;305;306;304;303;302;284;263;264;265;266;259;253;254;252;245;246;247;248;249;236;235;238;237;241;240;239;145;144;142;143;141;140;234;139;166;138;167;168;169;173;174;171;172;175;176;177;178;179;186;180;182;181;170;148;183;185;184;187;189;190;191;195;196;197;199;198;200;201;204;205;203;202;233;231;232;230;229;214;213;210;209;208;212;211;221;222;223;224;215;225;226;227;228;220;218;219;207;206;194;193;192;188;216;217;108;665;107;106;105;115;116;114;113;109;110;111;112;268;
Melhor Alcançado;335423.000000; Geração;4
Qtde de Entradas Recursivas;0; Qtde Execuções Recursivas;0; Qtde Execuções das Combinações;0



