Instância;./files/gr666.xml
Execução;16 / 25
Tamanho da Populaçap;200
Máximo de gerações;300
Mutação;6
Cruzamento;4
% Manpulação;30
% Mutação;2
Print Parcial;1
Ativa Recursivo;0
Percentual de Redução;78
Profundidade Máxima;100
Percentual de Eltismo;70
Seleção para Cruzamento;0
Forma de Seleção par Mutação;1

Geração 1 / 300:;Profundidade;0;Melhor;406190.000000;Pior;4719953.000000;Media;4333599.450000;Tempo;3485.000000
Geração 2 / 300:;Profundidade;0;Melhor;351447.000000;Pior;4711231.000000;Media;4225529.870000;Tempo;6961.000000
Geração 3 / 300:;Profundidade;0;Melhor;340709.000000;Pior;4597432.000000;Media;4125355.700000;Tempo;10296.000000
Geração 4 / 300:;Profundidade;0;Melhor;337078.000000;Pior;4519404.000000;Media;3964868.480000;Tempo;13735.000000
Geração 5 / 300:;Profundidade;0;Melhor;334509.000000;Pior;4511345.000000;Media;3818202.590000;Tempo;17160.000000
Temmpo de execução;17160.000000
melhor;334509.000000
Individuo;0;309;308;17;16;45;15;14;13;46;47;48;42;12;41;36;37;43;38;32;31;30;29;11;10;8;9;6;7;5;18;19;24;26;27;25;23;22;20;21;659;658;657;656;637;635;638;636;593;639;647;640;641;645;646;644;642;643;648;649;650;651;655;654;652;653;662;660;661;663;664;106;105;115;114;116;104;100;101;103;102;137;136;96;99;98;97;94;93;95;91;90;89;82;86;87;88;71;92;70;69;67;68;66;65;64;63;60;62;61;59;58;57;56;55;54;53;52;33;34;35;40;39;44;49;50;51;72;73;75;74;76;77;78;79;80;81;85;84;135;83;134;133;132;130;131;129;128;127;126;125;117;120;121;123;124;122;119;118;111;113;112;110;109;108;107;665;217;216;176;178;177;179;180;186;187;190;189;188;192;194;193;206;207;196;208;209;210;213;214;212;211;219;218;220;228;227;226;225;224;221;223;222;215;229;230;232;231;233;202;205;204;203;201;200;198;199;197;195;191;184;185;183;182;181;170;148;152;153;434;487;433;432;431;424;425;430;386;385;387;388;151;150;149;379;380;381;382;383;384;423;420;421;408;419;418;374;417;369;368;404;406;409;410;422;426;427;415;414;413;411;407;405;444;399;394;393;396;397;398;402;403;367;366;359;358;355;354;352;353;357;356;272;351;271;273;274;336;337;338;339;340;342;341;343;344;332;283;281;282;280;279;278;275;277;276;268;269;270;261;262;260;360;361;362;363;364;365;372;373;378;377;376;258;375;371;370;256;257;255;254;252;244;251;147;250;243;242;146;144;141;140;234;138;167;168;169;174;173;175;172;171;166;139;142;143;145;239;240;241;237;238;235;236;249;247;246;245;248;253;259;266;265;264;263;284;288;287;285;267;286;289;290;294;292;293;291;304;302;303;306;305;297;295;296;298;299;318;319;320;325;326;327;321;331;330;329;328;333;345;346;400;401;350;349;348;347;334;335;389;392;391;390;441;395;443;442;440;324;322;323;314;439;315;438;313;312;437;447;448;449;450;461;462;465;468;466;473;469;470;471;472;530;535;529;528;527;526;525;524;523;514;515;516;518;517;522;521;520;519;459;458;460;457;456;451;452;453;455;454;446;445;412;416;428;429;486;488;489;490;491;492;494;493;435;495;496;497;499;498;501;500;155;154;157;156;158;502;504;503;159;163;160;161;162;164;165;507;506;505;508;513;512;511;510;509;538;537;536;534;532;533;531;539;543;540;542;541;547;550;553;557;558;556;555;554;551;548;552;549;546;544;545;559;560;601;561;562;563;606;568;566;565;564;573;567;569;570;571;572;574;577;575;576;578;579;580;581;582;583;584;586;587;588;589;590;585;592;591;596;594;595;597;599;607;598;608;600;634;633;632;622;631;629;630;628;627;626;624;625;623;484;479;3;2;4;1;478;480;477;482;483;481;619;485;621;620;618;617;616;615;613;611;610;609;612;614;603;605;604;602;475;476;474;467;464;463;436;310;311;316;317;300;301;307;28;
Melhor Alcançado;334509.000000; Geração;5
Qtde de Entradas Recursivas;0; Qtde Execuções Recursivas;0; Qtde Execuções das Combinações;0



