Instância;./files/gr666.xml
Execução;20 / 25
Tamanho da Populaçap;200
Máximo de gerações;300
Mutação;6
Cruzamento;5
% Manpulação;30
% Mutação;2
Print Parcial;1
Ativa Recursivo;0
Percentual de Redução;78
Profundidade Máxima;100
Percentual de Eltismo;70
Seleção para Cruzamento;0
Forma de Seleção par Mutação;1

Geração 1 / 300:;Profundidade;0;Melhor;411882.000000;Pior;4898622.000000;Media;4391352.455000;Tempo;3780.000000
Geração 2 / 300:;Profundidade;0;Melhor;348360.000000;Pior;4741174.000000;Media;4306347.880000;Tempo;7506.000000
Geração 3 / 300:;Profundidade;0;Melhor;333967.000000;Pior;4784481.000000;Media;4220371.370000;Tempo;11229.000000
Geração 4 / 300:;Profundidade;0;Melhor;328626.000000;Pior;4727543.000000;Media;4121749.765000;Tempo;14967.000000
Temmpo de execução;14967.000000
melhor;328626.000000
Individuo;0;464;463;437;436;310;311;312;316;318;317;319;320;321;327;325;326;330;329;331;389;335;334;346;347;348;349;350;401;400;358;355;354;352;353;356;357;364;363;362;361;360;262;260;261;270;272;271;351;273;274;279;336;337;338;339;340;342;341;343;344;332;345;333;328;283;281;282;280;275;278;277;276;269;268;266;259;253;265;264;263;284;285;267;286;289;290;288;287;302;303;306;305;304;291;292;293;294;295;298;296;297;299;300;301;307;308;309;11;6;7;9;8;10;29;30;31;33;34;35;40;72;73;75;76;74;51;50;49;44;43;39;32;38;37;36;41;42;12;48;47;46;45;14;13;15;16;17;234;140;139;166;138;167;168;169;173;175;174;172;171;176;177;178;186;180;179;188;192;189;190;191;195;193;194;206;207;196;208;209;210;213;214;212;211;221;219;218;220;216;217;228;227;226;225;224;222;223;215;229;232;230;231;233;202;205;203;204;201;200;198;199;197;185;184;187;183;182;181;170;148;152;151;153;434;433;487;486;488;489;493;494;495;435;497;496;498;501;499;500;155;156;157;154;158;502;503;504;159;163;160;162;161;164;165;507;506;505;508;513;512;511;510;509;538;537;536;535;529;528;527;526;525;523;515;514;524;521;520;522;516;517;518;492;490;491;458;459;519;460;457;456;455;451;452;453;454;446;416;428;429;427;426;431;432;430;425;424;423;421;420;418;417;374;373;372;375;258;376;377;378;380;381;382;383;384;385;386;388;387;379;150;149;147;146;144;143;141;142;145;239;240;241;237;238;235;236;249;247;246;248;245;243;242;250;251;244;252;254;255;256;257;370;371;365;359;366;367;369;419;408;422;410;409;406;404;368;403;402;396;392;391;393;394;399;444;397;398;405;407;411;413;414;412;445;443;440;442;395;441;390;324;322;323;314;439;315;313;438;447;448;449;450;461;462;465;468;466;467;473;469;471;470;472;530;533;532;534;531;539;540;542;541;547;550;553;554;557;556;558;555;551;548;543;544;559;545;549;552;546;562;561;560;601;563;564;565;567;566;568;569;570;571;572;573;577;574;575;576;578;579;580;581;582;584;583;586;587;588;589;590;585;639;593;592;591;594;595;596;597;599;598;607;606;605;604;602;603;612;614;615;616;475;474;476;477;480;479;478;1;3;2;4;5;18;19;21;20;22;23;25;24;26;27;28;52;53;54;56;57;55;60;59;58;61;62;63;64;65;67;66;68;69;70;71;90;91;89;88;87;86;82;77;78;79;81;80;85;84;83;135;134;132;131;130;129;133;128;127;124;123;122;121;120;119;118;110;111;112;109;108;665;107;106;105;115;113;114;116;117;125;126;136;137;102;103;104;101;100;99;98;97;96;93;94;95;92;664;663;661;662;660;659;653;652;654;655;651;650;649;648;643;642;644;645;641;640;647;646;638;636;637;656;657;658;635;634;600;608;609;611;610;613;617;618;620;621;485;619;481;483;482;484;623;624;625;626;628;629;627;630;631;632;622;633;415;
Melhor Alcançado;328626.000000; Geração;4
Qtde de Entradas Recursivas;0; Qtde Execuções Recursivas;0; Qtde Execuções das Combinações;0



