Instância;./files/gr666.xml
Execução;7 / 25
Tamanho da Populaçap;200
Máximo de gerações;300
Mutação;6
Cruzamento;2
% Manpulação;30
% Mutação;2
Print Parcial;1
Ativa Recursivo;0
Percentual de Redução;78
Profundidade Máxima;100
Percentual de Eltismo;70
Seleção para Cruzamento;0
Forma de Seleção par Mutação;1

Geração 1 / 300:;Profundidade;0;Melhor;410646.000000;Pior;4687932.000000;Media;4349998.000000;Tempo;3506.000000
Geração 2 / 300:;Profundidade;0;Melhor;348657.000000;Pior;4623991.000000;Media;4263360.245000;Tempo;6976.000000
Geração 3 / 300:;Profundidade;0;Melhor;337583.000000;Pior;4710564.000000;Media;4177082.665000;Tempo;10434.000000
Geração 4 / 300:;Profundidade;0;Melhor;332570.000000;Pior;4745398.000000;Media;4096108.020000;Tempo;13906.000000
Geração 5 / 300:;Profundidade;0;Melhor;329645.000000;Pior;4680099.000000;Media;3953826.810000;Tempo;17366.000000
Temmpo de execução;17366.000000
melhor;329645.000000
Individuo;0;309;308;17;16;15;14;13;45;46;47;48;12;42;43;41;36;37;38;39;44;49;51;50;73;72;40;34;35;33;32;31;30;29;10;11;9;8;7;6;3;478;1;2;4;5;18;19;26;24;20;21;22;23;25;27;28;52;53;54;56;57;58;59;61;62;60;63;64;65;66;67;68;69;70;71;91;90;89;86;87;82;88;75;74;76;77;78;79;80;81;85;84;83;136;135;134;133;131;130;132;138;168;169;167;166;139;140;234;235;236;249;263;284;287;288;285;286;289;290;293;294;292;291;304;303;302;306;305;297;296;295;298;299;307;301;300;318;317;316;319;322;323;324;320;325;326;327;321;331;330;329;328;333;345;332;283;282;281;280;279;278;275;277;276;267;264;265;266;268;269;271;270;360;361;362;363;364;272;351;273;274;336;339;340;342;344;343;341;338;337;352;353;356;357;354;355;358;359;365;366;367;369;417;419;418;374;373;372;376;377;378;380;258;375;371;370;257;256;255;262;260;261;259;253;248;247;246;243;245;254;252;244;251;250;242;239;240;241;237;238;145;142;143;141;144;146;147;149;379;150;151;388;387;386;385;381;382;384;383;423;420;421;422;410;409;407;405;406;408;404;368;403;397;402;398;393;396;401;400;350;349;348;347;346;334;335;389;392;391;390;441;440;439;315;438;314;313;312;311;310;436;437;449;448;450;462;461;463;464;467;474;475;476;481;483;482;477;480;479;484;623;625;626;629;630;627;628;624;485;619;618;617;620;621;622;631;633;632;634;611;613;615;616;614;612;603;602;604;605;609;610;608;600;599;598;607;597;596;595;594;591;592;593;639;585;590;589;588;587;586;583;584;582;581;580;579;578;576;575;577;574;571;572;570;569;568;606;566;567;573;565;564;563;562;561;560;601;559;545;544;543;546;549;552;548;551;555;558;557;556;554;553;550;547;541;542;540;539;532;533;534;531;530;472;469;473;466;465;468;470;471;527;528;529;535;536;538;537;509;510;511;512;525;526;524;521;520;460;457;456;455;453;452;451;447;443;442;395;394;399;444;445;446;412;411;414;413;415;426;427;431;424;425;430;432;433;487;434;153;152;148;182;181;170;171;172;173;174;175;176;177;178;179;180;186;187;190;192;188;189;183;184;185;191;195;193;194;206;207;196;198;199;200;197;162;161;160;158;156;154;157;155;500;501;498;499;497;496;435;495;494;493;489;488;486;429;428;416;454;490;492;491;459;458;519;518;517;516;522;515;523;514;513;502;503;504;159;163;506;505;508;507;165;164;201;203;204;205;202;233;231;232;230;229;214;213;209;208;210;212;211;222;221;223;215;225;224;226;227;228;220;219;218;216;217;129;127;128;124;123;122;121;119;120;118;117;125;126;137;99;100;101;102;103;104;116;114;113;110;111;112;109;115;105;106;107;108;665;649;648;650;651;654;652;653;655;645;644;641;642;643;640;647;646;638;636;635;637;656;657;658;659;660;661;662;663;664;92;97;98;96;95;94;93;55;
Melhor Alcançado;329645.000000; Geração;5
Qtde de Entradas Recursivas;0; Qtde Execuções Recursivas;0; Qtde Execuções das Combinações;0



