Instância;./files/gr666.xml
Execução;2 / 25
Tamanho da Populaçap;200
Máximo de gerações;300
Mutação;6
Cruzamento;0
% Manpulação;30
% Mutação;2
Print Parcial;1
Ativa Recursivo;0
Percentual de Redução;78
Profundidade Máxima;100
Percentual de Eltismo;70
Seleção para Cruzamento;0
Forma de Seleção par Mutação;1

Geração 1 / 300:;Profundidade;0;Melhor;409262.000000;Pior;4655992.000000;Media;4333240.970000;Tempo;3557.000000
Geração 2 / 300:;Profundidade;0;Melhor;360524.000000;Pior;5092096.000000;Media;4216137.815000;Tempo;7055.000000
Geração 3 / 300:;Profundidade;0;Melhor;343446.000000;Pior;4889955.000000;Media;4102055.505000;Tempo;10557.000000
Geração 4 / 300:;Profundidade;0;Melhor;338874.000000;Pior;4858872.000000;Media;3945984.485000;Tempo;14049.000000
Geração 5 / 300:;Profundidade;0;Melhor;336950.000000;Pior;4922597.000000;Media;3746368.340000;Tempo;17534.000000
Temmpo de execução;17534.000000
melhor;336950.000000
Individuo;0;309;11;8;9;10;29;30;31;32;39;38;37;36;41;43;12;42;48;46;47;45;13;14;15;16;17;308;307;301;300;317;316;311;310;436;437;312;438;447;451;448;449;450;456;457;458;459;491;494;495;435;497;496;499;500;498;501;155;154;156;157;158;502;504;503;159;163;506;505;507;508;165;164;202;233;232;230;231;229;215;225;223;222;221;224;226;227;228;217;216;220;218;219;207;206;193;194;192;188;190;189;187;186;180;179;177;178;176;175;174;173;169;167;138;166;172;171;170;181;182;183;184;185;191;195;196;209;208;210;211;212;214;213;204;205;203;201;200;198;199;197;161;160;162;148;152;151;150;387;386;385;388;153;434;433;432;430;431;426;427;424;425;383;384;382;381;380;378;374;418;417;369;419;420;421;423;422;410;409;408;406;404;368;403;401;400;367;366;365;359;358;355;354;352;353;356;357;272;351;273;271;363;364;362;361;360;270;261;260;262;255;256;257;370;375;371;372;373;376;377;258;379;149;147;146;240;241;237;238;239;145;144;143;142;141;139;140;234;235;236;249;247;246;248;245;243;242;250;251;244;252;254;253;259;266;268;269;274;336;338;337;339;340;342;341;343;344;332;283;281;282;280;279;278;277;275;276;267;265;264;263;284;302;303;304;305;306;291;290;287;288;285;286;289;293;292;294;295;296;298;297;299;318;319;320;322;324;323;314;313;315;439;440;441;390;391;392;389;335;331;321;327;325;326;330;329;328;333;334;345;346;347;348;349;350;396;402;397;398;405;407;411;444;399;393;394;395;442;443;445;452;453;455;454;446;412;413;414;415;416;428;429;486;487;488;489;493;490;492;518;517;516;522;520;519;460;521;524;526;525;515;514;523;513;512;511;510;509;538;537;536;534;535;529;528;527;471;472;530;531;533;532;539;540;542;541;547;550;553;555;558;557;556;554;551;548;552;549;560;601;559;545;544;543;546;561;562;563;565;564;573;567;566;606;568;570;569;607;598;599;608;600;634;611;610;609;605;604;602;603;614;612;615;616;613;617;618;620;621;622;632;633;631;630;629;627;628;626;625;624;623;484;482;483;485;619;481;476;475;474;467;473;469;470;468;466;465;462;461;463;464;477;480;479;478;1;2;3;4;6;7;5;18;19;24;25;23;22;20;21;659;660;653;662;661;663;664;92;71;70;69;68;67;66;63;65;64;55;58;59;60;62;61;57;56;54;53;52;28;27;26;33;34;35;40;44;49;51;50;72;73;74;75;76;77;78;80;81;79;86;82;87;88;90;89;91;93;95;94;96;97;98;99;100;101;103;102;137;136;83;84;85;135;133;134;132;131;130;129;124;123;122;121;127;128;126;125;117;120;119;118;111;112;110;109;113;114;116;104;115;105;106;107;108;665;649;648;650;651;652;654;655;656;657;658;635;636;638;637;646;645;644;642;643;641;640;647;639;585;593;592;591;594;595;597;596;588;587;589;590;586;584;583;582;580;581;579;578;576;575;574;577;572;571;168;
Melhor Alcançado;336950.000000; Geração;5
Qtde de Entradas Recursivas;0; Qtde Execuções Recursivas;0; Qtde Execuções das Combinações;0



