Instância;./files/gr666.xml
Execução;2 / 25
Tamanho da Populaçap;200
Máximo de gerações;300
Mutação;6
Cruzamento;2
% Manpulação;30
% Mutação;2
Print Parcial;1
Ativa Recursivo;0
Percentual de Redução;78
Profundidade Máxima;100
Percentual de Eltismo;70
Seleção para Cruzamento;0
Forma de Seleção par Mutação;1

Geração 1 / 300:;Profundidade;0;Melhor;409315.000000;Pior;4804035.000000;Media;4357922.570000;Tempo;3517.000000
Geração 2 / 300:;Profundidade;0;Melhor;345188.000000;Pior;4771181.000000;Media;4262656.625000;Tempo;6980.000000
Geração 3 / 300:;Profundidade;0;Melhor;333666.000000;Pior;4768106.000000;Media;4106927.105000;Tempo;10421.000000
Geração 4 / 300:;Profundidade;0;Melhor;331570.000000;Pior;4613762.000000;Media;3951226.040000;Tempo;13822.000000
Geração 5 / 300:;Profundidade;0;Melhor;329930.000000;Pior;4562462.000000;Media;3675978.405000;Tempo;17252.000000
Temmpo de execução;17252.000000
melhor;329930.000000
Individuo;0;309;308;17;234;140;139;166;138;167;168;169;173;174;171;172;175;176;177;178;179;180;186;182;181;170;148;183;184;185;162;161;160;163;506;505;507;165;164;201;203;204;205;200;199;198;197;195;191;190;187;189;188;192;194;193;206;207;196;208;209;210;213;214;212;211;221;219;218;220;228;227;226;225;224;222;223;215;229;230;232;231;233;202;508;509;510;511;512;513;504;503;159;502;158;157;154;156;155;500;501;498;499;497;496;495;435;493;494;492;491;490;489;488;486;429;428;416;454;446;412;414;415;413;411;407;405;444;399;395;442;443;445;453;455;452;451;448;447;438;314;313;315;439;440;441;390;391;392;394;393;398;397;402;403;368;404;406;409;410;422;408;419;418;374;417;369;367;400;401;396;350;349;346;348;347;334;335;389;331;333;345;352;353;356;357;354;355;358;359;366;365;373;372;371;375;258;377;376;378;380;381;382;383;384;420;421;423;425;424;426;427;431;430;432;433;487;434;153;152;151;388;386;385;387;150;379;149;147;251;250;243;242;146;144;141;142;143;145;239;240;241;237;238;235;236;249;248;247;246;245;244;252;255;256;257;370;261;260;262;360;270;361;362;364;363;272;273;351;271;269;268;266;259;254;253;265;264;263;284;287;302;303;304;306;305;297;298;296;299;295;294;291;292;293;290;288;285;267;286;289;276;277;275;278;280;281;282;279;274;336;338;337;339;340;342;341;343;344;332;283;328;329;330;326;325;321;327;320;322;324;323;319;318;317;300;301;307;316;311;312;310;436;437;463;464;462;461;449;450;456;457;459;458;460;520;519;517;518;516;522;521;524;515;523;514;525;526;527;528;529;535;538;537;536;534;539;540;542;541;547;550;553;554;558;557;556;555;552;551;548;549;546;545;544;543;559;601;560;561;562;563;564;573;572;571;570;569;567;565;566;606;568;607;598;608;599;600;634;635;658;657;656;646;638;637;636;593;592;591;594;596;595;597;588;587;575;577;578;576;579;580;581;582;584;583;586;589;590;585;639;640;647;641;642;643;644;645;655;654;652;653;651;650;648;649;665;107;108;217;216;131;130;129;132;133;134;135;83;84;85;80;79;81;86;82;78;77;76;74;75;73;72;51;50;49;44;40;35;34;33;27;28;52;53;54;56;57;55;60;59;58;61;62;63;64;65;68;66;67;69;70;92;71;88;87;89;90;91;94;93;95;97;98;96;136;137;99;100;101;102;103;104;116;114;113;117;125;126;127;128;124;123;122;121;120;119;118;112;111;110;109;115;105;106;664;663;662;661;660;659;20;21;22;23;25;24;26;31;32;39;38;43;42;46;48;47;45;16;15;14;13;12;41;37;36;30;29;10;8;9;11;6;7;19;5;18;4;3;2;1;478;480;477;479;484;482;483;481;619;618;485;623;624;625;626;627;629;628;630;631;633;632;622;621;620;617;616;615;613;610;611;609;612;614;603;605;604;602;475;476;474;467;466;465;468;473;469;470;471;472;530;531;532;533;574;
Melhor Alcançado;329930.000000; Geração;5
Qtde de Entradas Recursivas;0; Qtde Execuções Recursivas;0; Qtde Execuções das Combinações;0



