Instância;./files/gr666.xml
Execução;11 / 25
Tamanho da Populaçap;200
Máximo de gerações;300
Mutação;6
Cruzamento;5
% Manpulação;30
% Mutação;2
Print Parcial;1
Ativa Recursivo;0
Percentual de Redução;78
Profundidade Máxima;100
Percentual de Eltismo;70
Seleção para Cruzamento;0
Forma de Seleção par Mutação;1

Geração 1 / 300:;Profundidade;0;Melhor;398658.000000;Pior;4765313.000000;Media;4365519.820000;Tempo;3779.000000
Geração 2 / 300:;Profundidade;0;Melhor;341511.000000;Pior;4801418.000000;Media;4277953.835000;Tempo;7496.000000
Geração 3 / 300:;Profundidade;0;Melhor;322100.000000;Pior;4690316.000000;Media;4191467.770000;Tempo;11205.000000
Geração 4 / 300:;Profundidade;0;Melhor;320194.000000;Pior;4886914.000000;Media;4141117.980000;Tempo;14862.000000
Temmpo de execução;14862.000000
melhor;320194.000000
Individuo;0;478;1;2;3;4;5;18;19;7;6;8;10;9;11;309;308;17;234;140;139;141;142;143;144;239;145;238;237;241;240;146;242;243;250;147;251;244;254;252;245;246;235;236;249;247;248;253;259;266;268;269;273;271;351;272;357;356;353;346;347;348;349;350;400;401;403;404;368;369;367;366;365;359;358;355;354;352;345;332;344;342;343;341;340;339;338;337;336;279;278;275;276;277;280;282;281;283;328;333;334;335;389;331;329;330;326;325;327;321;320;322;324;440;395;399;394;393;398;397;402;396;392;391;390;441;442;443;445;412;444;405;406;408;419;417;418;374;373;376;372;371;375;370;360;361;362;364;363;270;260;261;262;255;256;257;258;377;378;380;420;423;421;422;410;409;407;411;413;414;415;416;446;454;486;429;428;427;426;424;425;431;487;433;432;430;384;383;382;381;385;386;387;379;149;150;151;388;152;153;434;154;157;156;155;501;498;500;499;496;497;495;494;435;493;488;490;489;492;491;459;458;455;453;452;451;447;448;462;461;449;450;456;457;460;519;520;521;524;522;517;518;516;515;523;514;513;508;507;165;505;506;163;159;502;503;504;158;160;161;162;185;184;183;148;182;170;181;172;171;166;138;167;168;169;173;174;175;176;177;178;179;186;180;187;188;192;189;190;195;191;197;198;199;200;204;205;203;201;164;202;233;231;232;230;229;215;225;226;227;228;224;223;222;221;211;214;213;212;210;209;208;196;193;194;206;207;219;220;218;216;217;665;107;108;110;111;112;118;119;120;121;124;122;123;127;128;129;131;130;132;134;133;135;83;84;85;136;137;126;125;117;113;109;106;115;105;114;116;104;103;102;101;100;99;98;97;96;95;94;93;91;90;89;71;88;87;86;82;81;80;79;78;77;76;75;74;73;72;51;50;49;44;43;42;48;46;47;45;16;14;15;13;12;41;37;36;29;30;31;32;38;39;40;35;34;33;26;24;21;20;22;23;25;27;28;52;53;54;55;56;57;61;58;59;60;62;63;64;65;68;66;67;69;70;92;664;663;661;662;660;659;658;657;656;637;638;646;644;645;655;652;653;654;651;649;650;648;643;642;641;640;647;639;593;636;635;634;600;599;597;596;595;594;591;592;585;590;586;589;588;587;584;583;582;581;580;579;578;576;575;577;574;573;572;571;569;570;568;598;607;608;609;611;610;613;617;615;616;614;612;603;602;604;605;606;566;567;565;564;563;562;549;546;561;560;601;559;545;544;543;540;539;542;548;551;552;555;556;558;557;554;553;550;547;541;536;537;538;509;510;511;512;525;526;527;528;529;535;534;533;532;531;530;471;470;472;469;473;468;465;466;467;474;475;476;481;483;619;485;618;620;621;622;632;633;631;629;630;628;627;626;624;625;623;484;482;479;480;477;464;463;436;310;311;312;437;438;439;315;313;314;323;316;319;318;317;301;307;300;299;298;296;297;305;306;302;303;304;291;292;295;294;293;290;288;287;285;289;286;267;264;265;263;284;274;
Melhor Alcançado;320194.000000; Geração;4
Qtde de Entradas Recursivas;0; Qtde Execuções Recursivas;0; Qtde Execuções das Combinações;0



