Instância;files/gr666.xml
Execução;2 / 3
Tamanho da Populaçap;200
Máximo de gerações;300
Mutação;5
Cruzamento;7
% Manpulação;30
% Mutação;20
Print Parcial;1
Ativa Recursivo;0
Percentual de Redução;77
Profundidade Máxima;5
Percentual de Eltismo;70
Seleção para Cruzamento;0
Forma de Seleção par Mutação;1

Geração 1 / 300:;Profundidade;0;Melhor;348240.000000;Pior;4548867.000000;Media;3229521.650000;Tempo;2223.000000
Geração 2 / 300:;Profundidade;0;Melhor;345959.000000;Pior;4467122.000000;Media;2006201.730000;Tempo;4420.000000
Temmpo de execução;4420.000000
melhor;345959.000000
Individuo;0;309;308;307;301;300;299;298;296;297;305;306;304;303;302;284;283;281;282;280;278;275;277;276;269;268;267;286;289;290;291;292;293;294;295;288;287;285;264;265;266;259;253;254;252;244;251;250;243;242;146;240;239;241;237;238;145;144;143;142;141;235;236;249;247;246;245;248;263;270;360;361;362;363;364;272;356;353;352;354;355;358;359;365;366;367;368;404;403;402;397;398;405;407;411;413;414;415;428;429;486;487;433;432;430;425;424;426;427;431;423;421;420;382;383;384;381;380;378;377;376;372;373;374;418;417;419;369;408;409;410;422;406;396;392;391;390;441;395;394;393;399;444;412;446;416;454;453;452;451;450;449;448;447;438;315;439;314;313;323;322;324;440;442;443;445;455;456;457;458;459;491;492;518;517;516;522;520;521;524;525;523;515;514;512;511;510;509;526;528;527;519;460;461;462;464;463;437;312;436;310;311;316;317;318;319;320;321;327;325;326;357;279;333;328;329;330;331;389;335;334;400;401;350;349;348;347;346;345;332;340;344;343;342;341;339;337;338;336;274;273;351;271;260;261;262;255;256;257;370;371;375;258;379;150;151;152;153;434;435;488;490;489;493;494;495;496;497;499;498;501;500;154;155;157;156;158;502;504;503;159;160;161;162;185;184;183;148;170;182;181;171;172;138;166;167;168;169;173;174;175;176;177;178;179;180;186;187;189;190;191;195;197;198;199;200;201;205;204;203;202;508;163;164;165;507;506;505;513;233;231;230;229;214;213;212;211;210;209;208;196;194;193;206;207;219;218;220;228;227;226;225;215;222;223;221;224;232;558;557;556;554;555;551;553;550;547;541;542;540;539;532;533;534;536;537;538;535;529;530;531;543;544;545;559;560;601;561;562;546;549;552;548;563;565;566;567;568;569;570;571;572;573;564;606;604;605;603;612;614;616;615;617;613;610;611;608;600;599;598;607;609;602;473;471;472;470;469;468;465;466;467;474;475;476;481;619;485;483;482;484;623;624;625;626;627;629;618;620;621;622;632;633;631;630;628;634;597;596;595;594;591;592;593;639;585;590;586;589;588;587;576;575;574;577;578;579;580;581;582;583;584;640;647;641;642;643;644;645;646;638;637;656;657;658;635;636;655;654;652;653;662;661;663;664;92;95;94;93;91;90;89;88;87;82;86;81;80;79;78;77;76;74;75;73;72;50;51;49;44;39;38;32;31;30;29;10;8;9;6;7;19;20;21;22;23;25;27;28;52;53;54;56;57;58;59;60;62;61;55;63;66;67;68;69;70;71;65;64;40;35;34;33;26;24;18;5;4;3;2;1;478;480;479;477;11;36;37;41;42;48;47;46;45;14;13;12;43;15;16;17;234;140;139;147;149;387;386;385;388;192;188;216;217;122;123;124;121;120;119;118;111;112;113;114;115;105;106;109;110;117;125;126;127;128;129;130;131;132;133;134;135;83;84;85;136;137;101;100;99;98;97;96;102;103;104;116;108;107;665;648;649;650;651;660;659;
Melhor Alcançado;345959.000000; Geração;2
Qtde de Entradas Recursivas;0; Qtde Execuções Recursivas;0; Qtde Execuções das Combinações;0



