Instância;files/gr666.xml
Execução;3 / 3
Tamanho da Populaçap;200
Máximo de gerações;300
Mutação;5
Cruzamento;10
% Manpulação;30
% Mutação;20
Print Parcial;1
Ativa Recursivo;0
Percentual de Redução;77
Profundidade Máxima;5
Percentual de Eltismo;70
Seleção para Cruzamento;0
Forma de Seleção par Mutação;1

Geração 1 / 300:;Profundidade;0;Melhor;3091448.000000;Pior;4533116.000000;Media;4076362.630000;Tempo;2291.000000
Geração 2 / 300:;Profundidade;0;Melhor;2199334.000000;Pior;4439293.000000;Media;3635832.985000;Tempo;4600.000000
Temmpo de execução;4600.000000
melhor;2199334.000000
Individuo;0;295;294;293;292;291;340;341;342;343;383;382;258;257;256;171;172;234;235;376;377;378;298;466;483;538;537;536;535;552;551;550;549;548;527;154;403;404;432;526;525;524;523;412;411;329;330;331;365;366;367;368;339;401;448;18;19;479;623;579;580;233;232;231;230;229;228;227;226;225;543;388;430;429;428;427;364;311;310;309;261;374;375;336;337;338;462;463;464;474;497;397;398;399;373;372;513;335;447;282;300;460;453;452;279;400;288;287;286;285;284;266;350;349;270;243;242;241;153;152;263;264;265;268;141;142;414;415;186;187;188;189;190;191;192;361;362;313;314;635;569;608;567;562;563;564;565;566;629;585;649;650;651;568;578;583;582;633;634;557;556;555;546;489;503;502;501;509;510;511;512;418;419;416;491;446;433;434;487;486;207;143;236;275;274;606;607;581;615;616;617;628;592;169;168;167;384;499;515;514;199;208;220;219;218;206;346;332;333;344;396;423;424;351;449;450;436;437;438;494;495;496;262;162;161;160;159;158;445;444;443;442;441;395;493;112;113;114;115;116;33;32;24;25;26;27;66;67;35;64;63;62;55;54;22;92;93;42;299;488;148;149;407;406;334;471;472;473;533;532;531;530;529;528;534;517;516;165;164;163;370;371;203;202;576;575;574;573;572;659;660;41;421;420;296;455;454;409;393;394;490;521;520;324;322;323;354;619;267;252;244;475;621;622;485;439;440;69;117;71;103;102;101;126;212;461;468;357;389;283;197;198;223;131;130;97;98;99;100;44;45;46;47;48;49;50;410;408;321;320;253;88;77;173;345;456;457;541;540;586;587;327;326;325;183;182;181;180;179;269;360;359;358;276;390;391;392;315;482;577;518;519;317;318;319;422;125;110;111;132;28;632;91;90;53;356;355;481;480;1;2;3;4;60;59;58;70;128;544;545;214;213;542;590;589;588;135;134;133;36;31;656;596;595;594;508;507;506;505;363;425;431;308;170;644;599;600;196;68;51;176;177;121;120;119;379;604;603;255;138;139;140;87;95;96;478;312;52;216;217;614;613;554;74;75;76;385;386;387;289;618;237;81;80;79;297;215;612;522;316;240;239;238;204;205;185;280;663;664;665;201;200;150;151;251;250;249;248;247;246;245;30;15;14;13;484;584;492;65;413;347;348;184;210;209;129;642;643;34;477;166;12;40;105;106;107;108;85;84;83;147;459;458;224;570;571;610;476;328;195;601;6;7;5;9;10;11;605;39;38;657;658;23;155;156;174;175;8;146;86;304;631;630;640;641;136;626;627;655;469;301;302;303;281;37;89;127;609;435;539;598;597;620;465;639;122;123;124;178;307;61;94;625;624;451;21;20;43;109;57;470;647;646;645;118;78;277;290;144;145;82;654;653;652;104;591;402;369;16;17;352;353;193;194;254;72;73;636;637;638;648;611;137;500;661;157;662;558;504;211;56;467;593;29;417;306;305;278;380;381;426;602;559;560;561;553;221;222;498;547;405;273;272;271;259;260;
Melhor Alcançado;1000000.000000; Geração;0
Qtde de Entradas Recursivas;0; Qtde Execuções Recursivas;0; Qtde Execuções das Combinações;0



