Instância;./files/gr666.xml
Execução;3 / 25
Tamanho da Populaçap;200
Máximo de gerações;300
Mutação;6
Cruzamento;4
% Manpulação;30
% Mutação;2
Print Parcial;1
Ativa Recursivo;0
Percentual de Redução;78
Profundidade Máxima;100
Percentual de Eltismo;70
Seleção para Cruzamento;0
Forma de Seleção par Mutação;1

Geração 1 / 300:;Profundidade;0;Melhor;403881.000000;Pior;4807496.000000;Media;4335082.945000;Tempo;3764.000000
Geração 2 / 300:;Profundidade;0;Melhor;357984.000000;Pior;4565230.000000;Media;4183698.295000;Tempo;7476.000000
Geração 3 / 300:;Profundidade;0;Melhor;342264.000000;Pior;4536733.000000;Media;4019590.115000;Tempo;11159.000000
Geração 4 / 300:;Profundidade;0;Melhor;336176.000000;Pior;4587719.000000;Media;3894120.280000;Tempo;14855.000000
Temmpo de execução;14855.000000
melhor;336176.000000
Individuo;0;309;308;307;301;300;318;317;316;319;320;322;323;324;439;438;447;448;449;450;457;456;455;451;452;453;454;446;445;412;414;413;411;407;405;444;399;394;393;398;397;402;403;404;368;369;417;374;418;419;408;409;406;410;422;421;420;423;425;424;426;415;416;428;429;427;431;433;432;430;383;384;382;381;379;380;378;376;377;372;373;371;370;375;258;256;257;262;261;360;361;362;363;364;365;359;366;367;400;358;355;354;352;337;336;338;339;341;342;343;340;344;332;283;328;329;330;326;325;327;321;331;389;335;334;333;345;346;348;347;349;350;401;396;392;391;441;390;395;443;442;440;315;314;313;312;311;310;436;437;463;464;461;462;465;468;471;530;531;533;532;539;540;542;543;544;545;559;601;560;561;563;606;605;604;602;603;614;612;609;611;610;613;617;615;616;618;620;621;485;619;481;483;482;484;623;624;625;626;628;629;630;627;631;622;632;633;634;600;599;608;598;607;568;569;570;572;571;587;589;588;597;595;596;594;591;592;639;593;636;638;637;635;658;657;656;655;654;653;652;651;648;650;649;643;642;644;645;646;647;641;640;585;590;586;584;583;582;580;581;579;578;576;575;577;574;573;567;566;565;564;562;546;549;552;548;551;555;556;558;557;554;553;550;547;541;538;537;536;534;535;529;528;527;472;470;469;473;466;467;474;475;476;477;479;480;478;3;2;1;4;11;8;9;6;7;18;5;19;24;26;33;34;35;40;39;49;44;38;32;31;30;10;29;36;37;43;41;42;12;48;47;46;45;14;13;15;16;17;234;140;139;166;167;138;168;169;175;174;173;172;171;170;182;181;176;178;177;179;180;186;187;189;188;192;190;185;184;183;148;141;142;143;144;146;240;241;239;145;238;237;235;236;249;246;247;248;245;252;254;253;259;266;265;264;263;284;302;303;304;305;306;297;296;299;298;295;294;293;292;291;290;287;288;285;289;286;267;268;269;276;277;275;278;280;282;281;279;274;273;351;356;353;357;272;271;270;260;255;244;251;243;242;250;147;149;150;387;385;386;388;151;152;153;434;487;486;488;493;494;495;496;497;499;500;501;498;156;157;154;155;435;489;490;492;491;458;459;460;519;518;517;516;522;520;521;524;523;515;514;525;526;509;510;511;512;513;508;505;507;165;506;163;504;503;502;158;159;160;161;162;164;202;201;203;204;205;231;233;232;230;229;215;223;222;219;218;220;228;227;226;225;224;221;211;212;213;214;210;208;209;196;198;199;200;197;191;195;194;193;206;207;216;217;108;107;106;105;115;114;113;112;109;110;111;118;119;120;121;122;123;124;128;127;129;130;131;132;134;133;135;83;84;136;137;104;116;117;125;126;102;103;101;100;99;98;97;96;93;95;94;92;70;71;91;90;89;88;87;82;86;85;81;80;79;78;77;76;74;75;50;51;73;72;64;65;68;69;67;66;63;62;61;58;59;60;55;57;56;54;53;52;28;27;25;23;22;20;21;659;660;661;662;663;664;665;
Melhor Alcançado;336176.000000; Geração;4
Qtde de Entradas Recursivas;0; Qtde Execuções Recursivas;0; Qtde Execuções das Combinações;0



