Instância;files/gr666.xml
Execução;1 / 3
Tamanho da Populaçap;200
Máximo de gerações;300
Mutação;5
Cruzamento;11
% Manpulação;30
% Mutação;20
Print Parcial;1
Ativa Recursivo;0
Percentual de Redução;77
Profundidade Máxima;5
Percentual de Eltismo;70
Seleção para Cruzamento;0
Forma de Seleção par Mutação;1

Geração 1 / 300:;Profundidade;0;Melhor;4113348.000000;Pior;4804662.000000;Media;4425076.950000;Tempo;2318.000000
Geração 2 / 300:;Profundidade;0;Melhor;4076076.000000;Pior;4804662.000000;Media;4393655.675000;Tempo;4614.000000
Temmpo de execução;4614.000000
melhor;4076076.000000
Individuo;0;1;2;472;127;100;6;7;225;9;10;11;12;73;587;15;447;17;114;120;137;21;515;326;660;25;26;56;299;29;429;5;312;295;480;35;36;37;301;34;40;138;344;500;44;441;376;541;48;181;427;387;407;99;54;55;132;63;306;59;60;651;62;356;337;460;66;13;635;69;70;245;72;67;384;410;27;133;382;309;87;20;315;493;607;664;142;390;144;145;253;212;251;519;283;14;152;486;154;163;156;165;158;159;160;348;147;591;469;369;112;167;563;169;57;649;650;76;77;293;79;334;164;82;140;84;85;50;257;88;89;90;91;92;457;94;129;262;636;98;53;456;101;148;103;104;105;231;107;108;109;504;111;445;113;97;115;116;30;388;119;526;217;122;123;603;452;646;31;644;643;642;641;640;639;616;637;18;612;634;633;632;631;462;432;117;186;467;625;624;246;622;345;68;153;433;371;459;479;614;402;380;611;366;609;608;83;428;229;80;508;401;626;600;303;598;272;564;566;594;593;592;357;590;199;588;451;586;585;368;583;558;521;575;363;578;577;576;81;386;573;572;571;45;569;568;567;595;565;333;168;562;613;511;559;582;135;125;126;4;128;413;130;172;173;174;175;281;529;178;554;537;213;182;28;278;185;527;118;180;551;190;423;192;197;194;195;574;638;238;305;200;313;196;284;204;540;403;207;474;260;49;157;162;438;214;458;518;151;415;324;465;221;222;223;596;8;226;227;219;143;255;397;232;233;203;235;110;237;297;501;416;495;244;342;22;336;623;463;461;249;3;139;347;556;381;391;256;443;258;259;658;261;524;510;264;265;601;267;268;332;270;271;47;273;430;513;276;277;395;597;280;198;282;150;234;549;266;287;209;289;75;491;341;393;294;361;296;121;581;183;300;450;302;290;78;530;610;307;364;580;310;311;32;620;314;41;383;317;318;539;553;321;322;455;338;325;23;523;506;329;330;331;442;557;65;335;71;102;191;503;33;316;208;436;179;621;346;252;492;349;350;351;497;353;354;355;320;230;134;359;360;589;362;106;437;484;487;367;584;352;370;385;372;373;374;375;424;377;187;205;514;476;525;477;74;210;202;51;206;389;378;448;392;617;394;184;308;177;398;399;400;602;535;304;404;211;419;52;408;531;131;663;412;406;414;228;240;242;418;298;420;470;422;405;46;425;426;599;64;628;274;411;236;481;434;435;285;43;340;417;440;248;141;136;444;166;446;16;239;449;605;439;647;528;454;323;243;86;155;193;241;286;188;247;464;220;466;507;468;201;645;471;250;473;39;475;570;292;478;95;269;618;482;483;365;485;619;38;488;548;490;291;161;58;494;396;496;96;498;431;93;606;502;421;176;505;224;550;124;509;263;560;512;275;665;339;516;517;216;149;520;533;522;327;629;358;19;328;453;579;604;409;532;615;534;561;536;630;538;319;379;170;542;543;215;545;546;547;489;343;254;189;659;544;42;555;657;648;171;288;61;652;653;654;655;656;146;279;552;24;661;662;499;218;627;
Melhor Alcançado;1000000.000000; Geração;808598384
Qtde de Entradas Recursivas;0; Qtde Execuções Recursivas;0; Qtde Execuções das Combinações;0



