Instância;./files/gr666.xml
Execução;8 / 25
Tamanho da Populaçap;200
Máximo de gerações;300
Mutação;6
Cruzamento;3
% Manpulação;30
% Mutação;2
Print Parcial;1
Ativa Recursivo;0
Percentual de Redução;78
Profundidade Máxima;100
Percentual de Eltismo;70
Seleção para Cruzamento;0
Forma de Seleção par Mutação;1

Geração 1 / 300:;Profundidade;0;Melhor;411618.000000;Pior;4807361.000000;Media;4387339.840000;Tempo;3480.000000
Geração 2 / 300:;Profundidade;0;Melhor;349548.000000;Pior;4781831.000000;Media;4324018.880000;Tempo;6864.000000
Geração 3 / 300:;Profundidade;0;Melhor;337723.000000;Pior;4733856.000000;Media;4224922.935000;Tempo;10272.000000
Geração 4 / 300:;Profundidade;0;Melhor;333837.000000;Pior;4783965.000000;Media;4138371.295000;Tempo;13692.000000
Geração 5 / 300:;Profundidade;0;Melhor;332435.000000;Pior;4810508.000000;Media;4003919.620000;Tempo;17111.000000
Temmpo de execução;17111.000000
melhor;332435.000000
Individuo;0;464;463;437;436;310;311;312;438;439;313;315;314;323;322;324;440;443;442;395;394;399;444;405;398;402;397;403;368;404;406;408;409;407;410;422;421;420;423;425;424;426;427;431;487;433;434;432;430;383;384;382;380;381;387;385;386;388;153;152;151;150;149;379;258;375;370;257;256;255;261;260;262;360;361;362;270;266;259;248;246;247;249;236;235;142;141;143;144;145;238;237;241;239;240;146;147;251;250;242;243;245;252;244;254;253;265;264;263;284;302;303;304;306;305;297;296;298;299;295;294;293;291;292;290;287;288;285;289;286;267;268;269;276;277;275;278;281;282;280;279;274;336;337;338;339;340;341;343;342;344;332;283;328;333;345;352;351;273;271;272;363;364;371;372;373;376;377;378;374;417;418;419;369;367;366;365;359;357;353;356;354;355;358;400;346;334;347;348;349;350;401;396;393;441;390;391;392;389;335;331;329;330;326;327;321;325;320;319;316;317;318;300;301;307;308;309;11;8;9;10;29;30;31;32;38;37;36;43;41;42;48;47;46;45;12;13;14;15;16;17;234;140;139;166;167;168;169;138;135;134;133;132;131;130;129;128;127;124;123;122;121;120;119;118;111;112;110;109;113;114;115;105;106;107;108;217;216;207;219;218;220;228;227;226;224;223;222;221;225;215;229;230;232;231;233;202;203;204;205;213;214;212;211;210;208;209;196;198;199;201;200;197;191;195;194;193;206;192;188;190;189;187;180;186;179;177;178;176;175;174;173;172;171;181;182;170;148;183;184;185;162;161;160;163;164;165;507;505;508;506;159;503;504;502;158;157;154;155;156;501;498;500;499;497;496;495;435;493;494;492;518;517;522;516;515;514;513;512;511;510;509;538;537;541;547;550;553;554;556;557;558;555;551;548;552;549;546;561;562;563;565;564;573;572;571;569;570;568;567;566;606;601;560;545;559;544;543;540;542;539;532;531;533;534;536;535;529;530;472;470;471;527;528;526;525;524;521;520;460;519;459;458;491;490;489;488;486;429;428;416;415;414;413;411;412;446;454;445;453;452;455;456;457;451;447;448;449;450;461;462;465;468;469;473;466;467;475;474;476;481;619;485;623;484;483;482;477;480;479;478;1;3;2;4;6;7;19;18;5;20;21;22;23;25;52;28;27;24;26;33;34;39;44;49;50;51;74;73;72;40;35;54;53;57;56;55;58;59;61;62;60;63;64;65;68;66;67;69;70;71;91;90;89;88;75;76;77;78;82;87;86;81;79;80;85;84;83;136;137;126;125;117;116;104;103;102;101;100;99;98;97;96;93;94;95;92;664;663;661;662;659;660;653;652;654;655;645;646;638;637;656;657;658;635;626;625;624;628;627;629;630;631;632;633;622;621;620;618;617;613;615;616;614;612;603;602;604;605;609;610;611;634;600;608;598;607;599;597;596;595;594;591;589;588;587;576;574;575;577;578;579;580;581;582;583;586;584;590;585;592;593;636;639;647;640;641;642;644;643;651;650;649;648;665;523;
Melhor Alcançado;332435.000000; Geração;5
Qtde de Entradas Recursivas;0; Qtde Execuções Recursivas;0; Qtde Execuções das Combinações;0



