Instância;./files/gr666.xml
Execução;1 / 25
Tamanho da Populaçap;200
Máximo de gerações;300
Mutação;6
Cruzamento;5
% Manpulação;30
% Mutação;2
Print Parcial;1
Ativa Recursivo;0
Percentual de Redução;78
Profundidade Máxima;100
Percentual de Eltismo;70
Seleção para Cruzamento;0
Forma de Seleção par Mutação;1

Geração 1 / 300:;Profundidade;0;Melhor;407326.000000;Pior;4821398.000000;Media;4363482.915000;Tempo;3797.000000
Geração 2 / 300:;Profundidade;0;Melhor;358357.000000;Pior;4761551.000000;Media;4280614.115000;Tempo;7540.000000
Geração 3 / 300:;Profundidade;0;Melhor;346619.000000;Pior;4739549.000000;Media;4190785.400000;Tempo;11269.000000
Geração 4 / 300:;Profundidade;0;Melhor;343929.000000;Pior;4734676.000000;Media;4102217.790000;Tempo;14944.000000
Temmpo de execução;14944.000000
melhor;343929.000000
Individuo;0;464;463;467;474;475;476;616;615;613;617;618;621;620;485;619;481;483;482;477;480;479;484;623;624;625;626;627;629;628;630;631;622;632;633;634;600;599;607;598;608;611;610;609;612;614;603;602;605;604;606;567;573;564;565;566;568;569;570;571;572;574;577;575;576;578;579;580;581;582;583;584;585;590;586;589;587;588;597;596;595;594;591;592;593;637;656;657;658;635;636;638;646;647;639;640;641;643;642;644;645;655;651;650;648;649;665;107;108;109;110;111;112;113;115;105;106;114;116;104;100;99;101;103;102;126;125;117;118;120;119;121;122;123;124;127;128;129;131;130;132;134;133;135;83;84;85;136;137;96;98;97;94;95;93;92;67;66;65;68;69;70;71;91;90;89;88;87;82;86;75;74;76;77;78;79;81;80;234;249;236;235;247;246;243;245;248;253;259;254;252;244;255;257;256;262;260;261;270;361;360;362;363;272;356;357;353;351;271;273;274;336;339;341;342;343;332;344;340;338;337;345;346;352;354;355;358;400;401;350;349;348;347;334;335;389;392;396;393;391;390;441;324;322;323;314;313;439;315;438;440;443;442;395;394;399;444;407;405;398;397;402;403;368;404;406;408;409;410;422;411;413;414;415;416;428;429;486;487;427;426;424;431;425;430;432;433;434;153;152;388;387;386;385;384;383;420;421;423;382;381;380;378;377;376;372;373;374;418;419;417;369;367;366;359;365;371;370;375;258;379;150;151;149;147;251;250;242;146;239;240;241;237;238;145;144;143;142;141;140;139;166;167;168;138;169;173;172;174;175;176;177;178;180;186;179;181;171;170;148;182;183;184;185;162;161;160;163;164;201;205;204;203;200;199;198;197;196;208;209;210;213;214;212;211;221;219;220;218;207;206;193;194;195;191;190;187;189;192;188;216;217;228;227;226;225;224;223;222;215;229;232;230;231;233;202;165;507;508;505;506;504;503;159;158;156;157;154;155;435;493;488;489;490;492;518;517;522;516;515;514;523;525;524;521;520;460;519;459;458;491;494;495;496;497;499;501;500;498;502;513;512;511;510;509;526;527;528;529;535;534;536;537;538;541;547;550;553;554;557;558;556;555;551;548;552;549;546;562;563;561;560;601;559;545;544;543;542;540;539;532;533;531;530;472;470;471;469;473;466;468;465;462;461;449;450;456;457;455;453;454;446;412;445;452;451;447;448;437;436;312;310;311;316;317;318;319;320;325;326;321;327;331;330;329;333;328;283;282;281;280;279;278;275;277;276;269;268;266;264;265;263;267;286;289;285;290;288;287;284;302;303;304;306;305;291;292;293;294;295;297;296;298;299;300;301;307;309;308;17;16;45;46;48;47;15;14;13;12;42;43;41;36;37;38;33;34;35;40;39;44;49;50;51;73;72;64;63;62;60;59;58;61;57;56;55;54;53;52;28;27;25;23;22;21;20;24;26;32;31;30;29;10;8;9;11;6;7;19;18;5;4;2;3;1;478;659;660;661;664;663;662;653;654;652;364;
Melhor Alcançado;343929.000000; Geração;4
Qtde de Entradas Recursivas;0; Qtde Execuções Recursivas;0; Qtde Execuções das Combinações;0



