Instância;./files/gr666.xml
Execução;9 / 25
Tamanho da Populaçap;200
Máximo de gerações;300
Mutação;6
Cruzamento;5
% Manpulação;30
% Mutação;2
Print Parcial;1
Ativa Recursivo;0
Percentual de Redução;78
Profundidade Máxima;100
Percentual de Eltismo;70
Seleção para Cruzamento;0
Forma de Seleção par Mutação;1

Geração 1 / 300:;Profundidade;0;Melhor;409380.000000;Pior;4763176.000000;Media;4362880.695000;Tempo;3788.000000
Geração 2 / 300:;Profundidade;0;Melhor;351439.000000;Pior;4723838.000000;Media;4281585.510000;Tempo;7521.000000
Geração 3 / 300:;Profundidade;0;Melhor;336831.000000;Pior;4717058.000000;Media;4198429.435000;Tempo;11256.000000
Geração 4 / 300:;Profundidade;0;Melhor;328962.000000;Pior;4755311.000000;Media;4159004.060000;Tempo;14890.000000
Temmpo de execução;14890.000000
melhor;328962.000000
Individuo;0;309;1;478;3;2;4;5;18;19;7;6;8;9;11;10;29;30;31;32;33;34;35;39;38;36;37;43;41;12;42;48;47;46;13;14;15;45;16;17;308;307;301;300;299;298;296;297;305;306;302;303;304;291;292;295;294;293;290;289;286;285;288;287;284;263;265;264;267;266;259;253;248;245;252;254;244;243;242;251;250;147;146;240;239;143;142;141;144;145;238;237;241;246;247;249;236;235;234;140;139;166;167;138;168;169;173;174;175;172;171;170;182;181;176;177;178;179;180;186;187;189;190;191;195;197;196;198;199;200;201;203;204;205;208;209;210;212;211;217;216;188;192;194;193;206;207;219;218;220;221;223;222;224;228;227;226;225;215;213;214;229;232;230;231;233;202;164;165;507;506;505;508;513;512;511;510;509;526;525;514;515;523;521;520;519;459;460;458;457;456;455;453;452;451;447;438;437;448;449;450;461;462;465;468;469;473;470;471;472;530;531;533;532;539;540;543;545;544;559;601;560;561;564;573;572;571;569;570;598;607;609;610;613;621;485;619;618;620;617;615;616;614;612;603;602;604;605;606;568;566;567;565;563;562;546;549;552;548;551;555;558;557;556;554;553;550;547;541;542;534;536;537;538;535;529;528;527;524;522;516;517;518;492;491;490;489;488;454;446;445;412;414;413;415;416;428;429;486;487;433;432;434;153;154;157;155;435;493;494;495;496;497;499;500;498;501;156;158;502;503;504;159;163;160;161;162;184;185;183;148;149;379;150;151;152;388;387;386;385;430;425;424;431;427;426;422;410;409;408;406;405;407;411;444;399;394;393;392;396;398;397;402;403;404;368;419;420;421;423;384;383;382;381;380;378;377;258;375;257;256;255;370;371;376;372;373;374;418;417;369;367;366;365;359;355;358;400;401;349;350;348;347;334;346;345;333;332;343;342;340;341;344;339;279;274;336;338;337;352;354;353;357;356;351;273;271;272;363;362;364;361;360;262;260;261;270;269;268;276;277;275;278;280;281;282;283;328;329;330;326;325;321;327;331;335;389;391;390;441;395;443;442;440;439;315;313;314;323;324;322;320;319;318;317;316;312;311;310;436;463;464;466;467;474;475;476;481;483;482;477;480;479;484;623;624;625;626;628;629;627;630;631;622;632;633;634;611;608;600;599;597;596;595;594;591;589;588;587;576;574;575;577;578;579;581;580;582;583;584;586;590;585;592;593;639;640;647;641;642;643;644;645;646;635;636;638;637;656;658;657;653;652;654;655;651;650;648;649;665;108;107;106;105;115;116;114;113;109;110;112;111;118;119;120;117;125;126;128;127;121;122;123;124;129;130;131;132;133;134;135;83;85;84;136;137;102;103;101;104;100;99;98;97;96;93;95;94;92;70;71;91;90;89;88;87;82;86;81;80;79;78;77;76;74;75;73;72;51;50;49;44;40;64;65;69;68;67;66;63;60;62;61;59;58;57;56;55;54;53;52;28;27;26;24;25;23;22;20;21;659;660;661;662;663;664;
Melhor Alcançado;328962.000000; Geração;4
Qtde de Entradas Recursivas;0; Qtde Execuções Recursivas;0; Qtde Execuções das Combinações;0



