Instância;files/gr666.xml
Execução;2 / 3
Tamanho da Populaçap;200
Máximo de gerações;300
Mutação;5
Cruzamento;14
% Manpulação;30
% Mutação;20
Print Parcial;1
Ativa Recursivo;0
Percentual de Redução;77
Profundidade Máxima;5
Percentual de Eltismo;70
Seleção para Cruzamento;0
Forma de Seleção par Mutação;1

Geração 1 / 300:;Profundidade;0;Melhor;2684094.000000;Pior;4546207.000000;Media;3976220.580000;Tempo;2300.000000
Geração 2 / 300:;Profundidade;0;Melhor;1899994.000000;Pior;4455671.000000;Media;3389260.250000;Tempo;4561.000000
Temmpo de execução;4561.000000
melhor;1899994.000000
Individuo;0;1;2;25;26;56;55;39;38;19;18;17;16;42;43;299;298;297;296;258;234;419;369;393;404;403;408;409;410;421;331;330;398;397;396;335;334;333;332;352;371;372;326;295;294;291;292;337;321;322;323;314;313;312;317;318;319;320;316;45;52;53;44;301;495;493;501;286;368;407;452;453;456;497;498;428;429;430;402;401;264;265;266;267;391;390;389;394;361;360;329;293;274;273;399;370;351;279;278;277;276;262;256;257;246;247;284;263;275;328;327;438;434;433;344;345;346;347;348;354;416;162;161;186;187;188;218;219;432;451;374;375;380;379;339;248;237;236;235;356;173;242;142;385;386;387;388;147;268;269;270;271;283;365;250;414;373;238;239;240;140;176;175;174;357;165;164;205;198;199;224;223;222;665;226;227;110;109;108;107;70;78;21;20;9;10;151;152;153;158;159;593;592;591;590;596;588;595;594;460;442;441;420;413;412;411;519;518;447;448;449;450;417;418;353;144;143;395;514;515;458;486;381;362;282;281;280;640;597;598;599;600;464;463;462;459;455;454;427;490;474;624;625;626;627;628;602;466;467;465;527;528;529;359;272;261;308;309;307;311;426;383;384;488;489;148;541;542;543;544;545;546;547;557;556;213;338;149;150;41;57;46;50;112;89;88;40;99;100;192;193;601;610;609;608;607;589;564;565;481;476;475;31;32;14;15;12;13;190;191;200;201;202;203;204;225;349;350;392;157;425;539;530;540;511;510;509;508;507;74;75;76;49;51;67;183;180;181;182;436;341;336;502;503;355;290;289;37;58;478;479;480;569;484;477;618;517;512;513;155;523;522;439;315;437;468;558;470;471;472;473;568;585;586;649;650;66;86;125;124;169;139;168;209;208;212;253;252;251;166;171;138;132;101;72;92;91;90;77;11;254;255;376;189;170;206;664;111;119;120;195;196;197;423;424;406;405;614;615;573;605;604;603;324;534;535;536;606;221;214;215;207;129;128;364;343;342;184;446;445;444;287;69;60;59;137;63;36;83;82;47;48;4;3;249;378;377;358;73;34;35;302;422;310;160;163;575;576;577;634;241;304;443;531;532;461;516;440;141;96;95;94;93;87;117;116;115;105;106;62;61;647;646;645;644;648;457;363;616;548;572;571;570;581;580;579;578;554;555;561;562;563;611;612;613;65;435;178;177;134;97;98;118;122;660;133;172;130;131;400;431;285;210;211;367;366;487;494;524;492;491;340;300;566;567;633;619;620;54;33;23;551;469;559;259;632;631;630;629;496;306;305;622;655;6;7;29;27;28;5;482;483;656;657;574;639;560;194;104;102;654;621;126;71;85;64;22;288;658;659;243;638;587;232;651;663;662;661;84;81;506;30;325;382;216;217;127;121;521;552;499;220;415;135;136;167;228;623;582;583;584;260;179;505;549;550;641;642;643;113;156;520;485;123;8;653;652;103;526;525;537;553;231;24;538;114;80;68;79;146;145;637;636;635;229;230;504;617;533;245;244;500;154;185;303;233;
Melhor Alcançado;1000000.000000; Geração;33
Qtde de Entradas Recursivas;0; Qtde Execuções Recursivas;0; Qtde Execuções das Combinações;0



