Instância;./files/gr666.xml
Execução;10 / 25
Tamanho da Populaçap;200
Máximo de gerações;300
Mutação;6
Cruzamento;0
% Manpulação;30
% Mutação;2
Print Parcial;1
Ativa Recursivo;0
Percentual de Redução;78
Profundidade Máxima;100
Percentual de Eltismo;70
Seleção para Cruzamento;0
Forma de Seleção par Mutação;1

Geração 1 / 300:;Profundidade;0;Melhor;407338.000000;Pior;4959762.000000;Media;4368733.350000;Tempo;3561.000000
Geração 2 / 300:;Profundidade;0;Melhor;346408.000000;Pior;4802357.000000;Media;4241905.750000;Tempo;7062.000000
Geração 3 / 300:;Profundidade;0;Melhor;329555.000000;Pior;4976357.000000;Media;4131850.840000;Tempo;10569.000000
Geração 4 / 300:;Profundidade;0;Melhor;327464.000000;Pior;4842486.000000;Media;3997385.610000;Tempo;14060.000000
Geração 5 / 300:;Profundidade;0;Melhor;325144.000000;Pior;4831858.000000;Media;3805534.530000;Tempo;17548.000000
Temmpo de execução;17548.000000
melhor;325144.000000
Individuo;0;309;308;17;16;15;13;14;12;45;46;47;48;42;41;37;36;43;39;38;44;49;40;35;34;33;32;31;30;29;10;8;9;11;6;7;19;18;5;4;2;1;3;478;479;480;477;476;474;475;619;481;483;482;484;623;625;624;485;618;620;621;622;611;610;609;613;617;615;616;614;612;603;602;604;605;606;563;561;546;562;564;565;566;568;567;573;572;571;570;569;607;598;599;608;600;634;633;632;631;630;629;628;627;626;635;658;657;656;655;654;653;652;651;650;648;649;643;641;642;644;645;646;638;637;636;593;592;591;594;596;597;595;588;587;576;575;574;577;578;579;581;580;582;584;583;586;589;590;585;639;647;640;665;107;108;109;106;105;115;114;116;104;103;102;125;126;137;101;100;99;98;97;95;94;93;92;664;661;663;662;660;659;21;20;22;23;25;24;26;27;28;52;53;54;55;56;57;58;59;61;62;60;63;66;67;68;69;70;65;64;72;73;50;51;75;74;76;77;78;79;80;81;82;86;87;88;71;91;89;90;96;136;85;84;83;135;134;133;132;130;131;129;127;128;124;123;122;121;120;119;118;117;113;112;111;110;217;216;176;177;178;179;180;186;187;190;192;188;189;183;184;185;162;191;195;193;194;206;207;196;197;198;199;200;201;203;204;205;213;210;208;209;212;211;222;223;221;219;218;220;228;224;227;226;225;215;214;229;230;232;231;233;202;165;507;508;505;506;163;164;161;160;159;504;503;502;513;514;523;515;522;517;516;518;519;460;520;521;524;525;512;511;510;509;526;528;527;471;472;530;529;535;538;537;547;550;551;553;554;556;557;558;555;552;549;548;542;541;536;534;532;533;531;539;540;543;544;545;559;560;601;473;469;470;468;465;466;467;464;463;462;461;450;449;448;447;438;314;323;322;324;440;439;315;313;312;437;436;310;311;316;317;318;319;320;325;326;321;327;331;330;329;333;328;283;332;344;342;343;341;340;339;338;337;336;274;279;281;282;280;278;275;277;276;268;269;271;273;351;272;356;357;353;352;354;355;358;359;365;364;363;362;361;360;270;261;260;262;370;371;372;373;376;377;378;380;258;375;256;257;255;244;252;254;253;259;266;265;264;267;286;289;285;287;288;284;263;302;303;304;305;306;291;290;293;292;294;295;297;298;296;299;300;301;307;234;140;139;166;138;167;168;169;173;174;175;172;171;170;181;182;148;141;142;143;144;145;239;240;241;237;238;235;236;249;246;247;248;245;243;251;250;242;146;147;149;379;150;151;152;388;387;386;385;381;382;383;384;430;432;433;153;434;487;486;429;428;416;446;454;488;490;489;493;435;155;154;157;156;158;501;498;500;499;497;496;495;494;492;491;459;458;457;456;455;451;452;453;445;444;412;411;413;414;415;426;427;431;424;425;421;423;420;419;418;374;417;369;367;366;400;349;350;396;393;398;397;402;403;368;404;406;408;409;422;410;407;405;399;394;395;443;442;441;390;391;392;389;335;334;347;348;346;345;401;
Melhor Alcançado;325144.000000; Geração;5
Qtde de Entradas Recursivas;0; Qtde Execuções Recursivas;0; Qtde Execuções das Combinações;0



