Instância;./files/gr666.xml
Execução;21 / 25
Tamanho da Populaçap;200
Máximo de gerações;300
Mutação;6
Cruzamento;0
% Manpulação;30
% Mutação;2
Print Parcial;1
Ativa Recursivo;0
Percentual de Redução;78
Profundidade Máxima;100
Percentual de Eltismo;70
Seleção para Cruzamento;0
Forma de Seleção par Mutação;1

Geração 1 / 300:;Profundidade;0;Melhor;420140.000000;Pior;4882766.000000;Media;4360504.155000;Tempo;3539.000000
Geração 2 / 300:;Profundidade;0;Melhor;365538.000000;Pior;4954325.000000;Media;4251823.160000;Tempo;7014.000000
Geração 3 / 300:;Profundidade;0;Melhor;347144.000000;Pior;4811193.000000;Media;4173699.655000;Tempo;10506.000000
Geração 4 / 300:;Profundidade;0;Melhor;340102.000000;Pior;5081403.000000;Media;4025364.745000;Tempo;13989.000000
Geração 5 / 300:;Profundidade;0;Melhor;338782.000000;Pior;4785811.000000;Media;3844346.385000;Tempo;17484.000000
Temmpo de execução;17484.000000
melhor;338782.000000
Individuo;0;464;463;461;462;465;466;467;473;469;468;470;471;472;527;526;528;529;530;531;533;532;534;535;536;538;537;547;541;542;540;539;543;544;545;559;601;560;563;562;561;546;549;552;551;548;550;553;554;555;556;557;558;233;231;230;232;229;214;212;213;205;204;203;202;201;200;199;198;197;196;208;209;210;211;221;223;222;215;225;224;226;227;228;220;218;219;207;206;193;194;195;191;162;161;160;163;164;165;506;507;505;508;509;510;511;512;525;524;521;520;460;458;459;519;518;517;516;522;515;523;514;513;502;504;503;159;158;154;157;156;155;500;498;501;499;497;435;496;495;494;492;491;490;489;493;488;487;433;434;153;385;386;388;387;150;151;152;148;185;184;183;182;181;170;171;172;166;138;167;168;169;173;174;175;176;178;177;179;180;186;187;189;190;192;188;216;217;108;107;106;105;115;109;110;111;112;113;114;116;104;103;102;101;100;99;98;96;97;95;94;93;91;90;89;92;66;63;62;60;55;58;59;61;57;56;54;53;52;28;27;26;24;25;23;22;21;20;659;5;18;19;7;6;9;8;10;29;30;31;32;33;34;35;64;65;68;67;69;70;71;88;82;86;87;136;137;126;125;117;118;120;119;121;122;123;124;127;128;129;131;130;132;134;133;135;83;84;85;81;80;79;78;77;76;75;74;73;72;51;50;49;44;40;39;38;43;36;37;41;12;42;48;47;46;45;14;13;15;16;17;234;140;139;141;142;143;144;145;238;241;240;239;237;235;236;249;247;246;243;245;248;265;264;263;284;302;303;304;306;305;297;299;298;296;295;294;293;291;292;290;287;288;285;289;286;267;269;268;266;259;253;254;252;244;251;250;242;146;147;149;379;258;375;257;256;255;370;371;376;377;378;380;381;382;384;383;430;432;431;424;425;423;420;421;419;417;418;374;373;372;365;366;367;358;400;401;396;393;394;395;442;443;445;412;415;414;413;411;407;405;444;399;398;397;402;403;368;369;404;406;408;409;410;422;426;427;429;486;428;416;446;454;455;453;452;451;456;457;450;449;447;448;437;436;310;311;312;313;314;439;315;438;440;441;390;391;392;389;335;350;349;346;348;347;334;333;345;354;355;359;364;363;362;361;360;262;260;261;270;271;351;273;272;356;357;353;352;337;338;340;343;344;342;341;339;336;274;275;276;277;278;279;280;282;281;283;332;328;329;331;330;326;325;327;321;324;323;322;320;319;316;318;317;300;301;307;308;309;11;4;2;3;1;478;479;480;477;476;474;475;618;485;619;481;483;482;484;623;624;625;626;628;627;629;630;631;633;632;622;621;620;617;613;616;615;614;612;603;602;604;605;606;568;570;569;567;566;565;564;573;572;571;575;574;577;578;576;579;580;581;582;583;584;586;587;588;589;590;585;593;636;635;634;600;599;608;611;610;609;607;598;597;596;594;595;591;592;639;647;640;641;642;643;648;649;650;651;652;653;654;655;644;645;646;638;637;656;657;658;660;662;661;663;664;665;
Melhor Alcançado;338782.000000; Geração;5
Qtde de Entradas Recursivas;0; Qtde Execuções Recursivas;0; Qtde Execuções das Combinações;0



