Instância;./files/gr666.xml
Execução;14 / 25
Tamanho da Populaçap;200
Máximo de gerações;300
Mutação;6
Cruzamento;4
% Manpulação;30
% Mutação;2
Print Parcial;1
Ativa Recursivo;0
Percentual de Redução;78
Profundidade Máxima;100
Percentual de Eltismo;70
Seleção para Cruzamento;0
Forma de Seleção par Mutação;1

Geração 1 / 300:;Profundidade;0;Melhor;414549.000000;Pior;4741115.000000;Media;4333364.375000;Tempo;3481.000000
Geração 2 / 300:;Profundidade;0;Melhor;353628.000000;Pior;4631690.000000;Media;4191294.015000;Tempo;6942.000000
Geração 3 / 300:;Profundidade;0;Melhor;342222.000000;Pior;4532063.000000;Media;4008540.640000;Tempo;10379.000000
Geração 4 / 300:;Profundidade;0;Melhor;339110.000000;Pior;4546966.000000;Media;3874821.425000;Tempo;13827.000000
Geração 5 / 300:;Profundidade;0;Melhor;337795.000000;Pior;4515948.000000;Media;3657629.715000;Tempo;17269.000000
Temmpo de execução;17269.000000
melhor;337795.000000
Individuo;0;464;463;437;312;436;310;311;316;317;319;320;321;327;325;326;330;331;329;328;283;332;343;342;341;339;338;337;340;344;345;333;334;389;335;350;349;348;347;346;358;355;354;352;353;356;357;272;364;363;362;361;360;260;261;262;255;256;257;370;371;375;258;377;376;372;365;359;366;367;400;401;396;392;391;390;441;324;322;323;314;313;315;439;438;440;442;443;395;394;393;397;402;398;399;444;405;407;411;413;414;412;445;446;454;416;415;428;429;486;488;487;433;434;153;152;388;385;386;387;381;382;384;383;430;432;431;427;426;424;425;423;420;421;422;410;409;408;406;403;368;404;369;419;418;374;417;373;378;380;379;149;150;151;148;182;170;181;180;186;179;178;177;176;216;188;192;193;194;206;207;218;219;220;224;221;223;222;211;212;210;208;209;213;205;204;203;201;200;198;199;197;196;195;191;190;189;187;183;184;185;162;161;160;159;158;502;503;504;163;506;505;507;508;165;164;202;233;231;230;232;229;214;215;225;226;227;228;217;129;130;131;132;133;134;135;136;137;126;117;125;127;128;123;124;122;121;120;119;118;113;112;111;110;109;108;107;106;105;115;114;116;104;103;102;101;100;99;98;97;96;93;94;95;92;91;90;89;71;70;69;68;67;66;63;64;65;72;73;50;51;74;75;76;77;78;87;88;82;86;80;79;81;85;84;83;138;167;168;169;173;175;174;172;171;166;139;140;234;235;236;249;247;248;245;246;240;241;237;238;145;143;142;141;144;239;146;147;242;243;250;251;244;252;254;253;259;266;270;271;351;273;274;336;279;280;281;282;278;275;277;276;269;268;267;265;264;263;284;288;287;285;286;289;290;293;294;295;292;291;304;303;302;306;305;297;296;298;299;318;300;301;307;309;308;17;16;15;13;14;45;46;48;47;42;12;41;43;44;49;40;39;38;37;36;29;30;31;32;33;34;35;55;58;59;60;62;61;57;56;54;53;52;25;28;27;26;24;23;22;21;20;5;18;19;7;9;11;10;8;6;4;2;3;1;478;479;480;477;482;484;623;624;625;626;628;627;629;630;631;622;632;633;634;611;610;609;612;614;616;615;613;621;620;617;618;619;485;483;481;476;474;475;467;466;468;465;462;461;450;449;448;447;451;452;453;455;456;457;460;521;520;519;459;458;491;490;489;493;435;155;157;154;156;501;498;500;499;497;496;495;494;492;518;517;516;522;523;514;515;524;525;511;513;512;510;509;526;527;528;529;535;536;538;537;534;533;532;531;530;471;472;470;469;473;602;603;605;604;606;601;560;559;545;544;543;540;539;542;541;547;550;548;553;554;556;557;558;555;551;552;549;546;562;561;563;564;565;566;567;573;572;571;570;569;568;598;607;608;600;599;597;596;594;595;591;588;587;576;575;574;577;578;579;581;580;582;583;584;586;589;590;585;640;641;647;639;592;593;636;635;637;638;646;645;644;642;643;648;649;650;651;653;652;654;655;656;657;658;659;660;661;662;663;664;665;
Melhor Alcançado;337795.000000; Geração;5
Qtde de Entradas Recursivas;0; Qtde Execuções Recursivas;0; Qtde Execuções das Combinações;0



