Instância;./files/gr666.xml
Execução;4 / 25
Tamanho da Populaçap;200
Máximo de gerações;300
Mutação;6
Cruzamento;2
% Manpulação;30
% Mutação;2
Print Parcial;1
Ativa Recursivo;0
Percentual de Redução;78
Profundidade Máxima;100
Percentual de Eltismo;70
Seleção para Cruzamento;0
Forma de Seleção par Mutação;1

Geração 1 / 300:;Profundidade;0;Melhor;409703.000000;Pior;4714392.000000;Media;4347369.200000;Tempo;3520.000000
Geração 2 / 300:;Profundidade;0;Melhor;348533.000000;Pior;4604664.000000;Media;4232181.790000;Tempo;6963.000000
Geração 3 / 300:;Profundidade;0;Melhor;331848.000000;Pior;4762927.000000;Media;4135522.720000;Tempo;10444.000000
Geração 4 / 300:;Profundidade;0;Melhor;325407.000000;Pior;4795745.000000;Media;3974036.795000;Tempo;13913.000000
Geração 5 / 300:;Profundidade;0;Melhor;322618.000000;Pior;4832756.000000;Media;3792781.320000;Tempo;17360.000000
Temmpo de execução;17360.000000
melhor;322618.000000
Individuo;0;309;308;307;301;300;318;317;319;320;322;324;323;314;313;312;316;311;310;436;437;438;315;439;440;443;442;395;441;390;391;392;396;393;394;399;444;445;412;446;416;428;429;415;414;413;411;407;405;398;397;402;403;368;367;358;400;401;349;350;335;389;331;321;327;325;326;330;329;334;347;348;346;352;345;333;328;283;332;344;343;341;342;340;339;338;337;336;274;279;282;281;280;278;277;275;276;286;289;285;288;287;290;293;292;291;294;295;298;299;296;297;306;305;304;303;302;284;263;264;265;267;268;269;273;351;271;272;356;357;353;354;355;359;365;366;369;404;406;409;410;422;408;421;423;420;418;419;417;374;373;372;371;370;360;361;362;364;363;270;260;262;261;255;256;257;375;258;377;376;378;380;381;382;383;384;385;386;387;388;152;153;434;433;432;430;425;424;431;426;427;487;486;488;489;493;494;495;435;497;496;499;501;498;500;155;154;157;156;158;502;504;503;159;163;506;505;508;507;165;164;161;160;162;185;184;183;182;170;171;172;175;174;173;169;168;166;167;138;133;135;134;132;131;130;129;217;216;219;218;220;228;227;226;224;225;215;223;221;222;211;210;208;209;212;213;214;229;232;230;231;233;202;204;205;203;201;200;199;198;197;196;207;206;194;193;195;191;190;192;188;189;187;186;180;179;178;177;176;181;148;151;150;379;149;147;146;242;243;250;251;244;252;254;259;266;253;248;245;246;247;249;236;235;238;237;241;240;239;145;143;142;144;141;139;140;234;17;16;15;14;13;45;46;47;48;42;12;41;43;37;36;38;32;31;30;29;10;11;9;8;6;7;19;18;5;4;3;2;1;478;479;480;477;476;475;474;467;466;464;463;461;462;465;468;469;473;601;560;559;545;544;543;539;540;542;541;536;535;529;534;532;533;531;530;472;470;471;527;528;526;525;524;521;520;460;519;459;458;457;455;456;450;449;448;447;451;452;453;454;490;491;492;518;517;516;522;515;523;514;513;512;511;510;509;538;537;547;550;553;554;557;556;558;555;551;548;552;549;546;561;562;563;565;564;573;574;575;577;578;579;580;581;582;583;584;586;589;590;585;639;647;640;665;108;107;106;109;110;113;112;111;118;119;120;121;122;123;124;128;127;117;125;126;137;136;84;83;85;81;79;80;78;77;76;75;74;73;72;50;51;49;44;39;40;35;34;33;26;24;21;20;22;23;25;27;28;52;53;54;55;57;56;58;59;61;62;60;63;64;65;67;66;68;69;70;71;88;87;82;86;90;89;91;92;95;93;94;96;97;98;100;99;101;102;103;104;116;114;115;105;664;663;662;661;660;659;658;657;656;655;654;653;652;651;650;648;649;643;641;642;644;645;646;638;637;636;593;592;591;594;635;634;632;633;631;630;628;629;627;626;625;624;623;484;482;483;485;481;619;618;617;620;621;622;613;611;610;608;599;607;598;597;596;595;588;587;576;571;572;570;569;568;567;566;606;605;604;602;603;609;612;614;615;616;600;
Melhor Alcançado;322618.000000; Geração;5
Qtde de Entradas Recursivas;0; Qtde Execuções Recursivas;0; Qtde Execuções das Combinações;0



