Instância;./files/gr666.xml
Execução;17 / 25
Tamanho da Populaçap;200
Máximo de gerações;300
Mutação;6
Cruzamento;3
% Manpulação;30
% Mutação;2
Print Parcial;1
Ativa Recursivo;0
Percentual de Redução;78
Profundidade Máxima;100
Percentual de Eltismo;70
Seleção para Cruzamento;0
Forma de Seleção par Mutação;1

Geração 1 / 300:;Profundidade;0;Melhor;421445.000000;Pior;4832308.000000;Media;4379317.890000;Tempo;3474.000000
Geração 2 / 300:;Profundidade;0;Melhor;354541.000000;Pior;4853878.000000;Media;4291751.545000;Tempo;6924.000000
Geração 3 / 300:;Profundidade;0;Melhor;342871.000000;Pior;4778205.000000;Media;4217083.590000;Tempo;10365.000000
Geração 4 / 300:;Profundidade;0;Melhor;339412.000000;Pior;4702789.000000;Media;4127892.960000;Tempo;13813.000000
Geração 5 / 300:;Profundidade;0;Melhor;339225.000000;Pior;4937649.000000;Media;4016527.580000;Tempo;17237.000000
Temmpo de execução;17237.000000
melhor;339225.000000
Individuo;0;1;2;478;3;4;18;5;19;7;6;8;9;11;10;29;30;31;32;33;26;24;20;21;22;23;25;27;28;52;53;56;57;61;62;60;59;58;55;54;34;35;40;39;38;44;43;37;36;41;12;42;48;46;47;45;14;13;15;16;17;308;309;307;301;300;299;298;297;305;304;303;302;306;296;295;294;293;291;292;290;286;267;268;269;273;271;351;356;353;357;272;363;362;270;361;360;261;260;262;370;375;371;372;373;374;418;417;367;366;365;364;359;358;355;354;352;345;346;347;348;349;350;400;401;403;404;368;369;419;420;421;423;425;424;431;426;427;429;416;428;415;414;413;422;410;409;408;406;407;411;412;446;454;488;486;487;433;434;153;432;430;384;383;382;381;385;386;388;387;150;151;152;148;182;181;170;171;172;173;174;175;176;178;179;180;186;189;188;192;190;187;183;184;185;191;195;194;193;206;207;196;197;199;198;200;201;203;205;204;213;209;208;210;211;212;214;229;230;232;231;233;202;164;165;508;507;505;506;163;160;161;162;159;503;504;502;158;156;157;154;155;501;498;500;499;497;496;435;495;494;493;489;490;492;491;458;459;519;518;517;516;522;523;515;514;513;512;511;525;510;509;529;535;536;537;538;541;534;531;533;532;539;542;540;543;544;559;601;560;545;548;547;550;553;551;554;556;557;558;555;552;549;546;561;562;563;565;564;573;566;567;568;606;605;604;602;603;609;612;614;616;615;613;611;610;608;600;599;598;607;569;570;572;571;587;575;574;577;578;576;579;581;580;582;583;584;590;586;589;588;595;596;597;594;591;592;593;636;639;585;640;647;646;638;637;656;655;645;644;641;642;643;648;650;649;651;652;654;653;662;661;663;660;659;657;658;635;634;633;632;631;630;629;627;628;626;625;624;623;484;479;480;477;464;463;462;468;465;466;467;474;476;481;482;483;485;622;621;620;617;618;619;475;473;469;470;471;472;530;527;528;526;524;521;520;460;457;456;450;461;449;448;447;451;453;452;455;445;443;395;394;399;444;405;398;397;402;393;396;392;391;390;441;442;440;439;315;314;313;438;312;437;436;310;311;316;317;318;319;323;324;322;320;327;321;325;326;330;329;331;389;335;334;333;328;332;283;282;280;281;279;339;341;343;342;344;340;337;338;336;274;278;277;275;276;289;285;288;287;284;263;264;265;266;259;253;248;245;247;246;243;242;250;251;244;252;254;255;257;256;258;377;376;378;380;379;149;147;146;240;241;239;144;141;142;143;145;238;237;235;236;249;234;140;139;166;169;168;167;138;130;131;132;133;134;135;83;84;85;81;80;79;82;87;86;78;77;76;74;75;51;49;50;73;72;64;63;66;67;65;68;69;70;71;88;89;90;91;93;94;96;136;137;102;103;104;100;101;99;98;97;95;92;664;106;105;115;114;116;117;125;126;127;128;129;124;123;122;121;120;119;118;113;111;112;110;109;108;107;665;217;216;218;219;220;228;224;221;223;222;215;225;227;226;177;
Melhor Alcançado;339225.000000; Geração;5
Qtde de Entradas Recursivas;0; Qtde Execuções Recursivas;0; Qtde Execuções das Combinações;0



