Instância;./files/gr666.xml
Execução;17 / 25
Tamanho da Populaçap;200
Máximo de gerações;300
Mutação;6
Cruzamento;2
% Manpulação;30
% Mutação;2
Print Parcial;1
Ativa Recursivo;0
Percentual de Redução;78
Profundidade Máxima;100
Percentual de Eltismo;70
Seleção para Cruzamento;0
Forma de Seleção par Mutação;1

Geração 1 / 300:;Profundidade;0;Melhor;407233.000000;Pior;4788942.000000;Media;4367243.165000;Tempo;3483.000000
Geração 2 / 300:;Profundidade;0;Melhor;353861.000000;Pior;4676625.000000;Media;4236284.065000;Tempo;6927.000000
Geração 3 / 300:;Profundidade;0;Melhor;337952.000000;Pior;4580629.000000;Media;4060015.560000;Tempo;10346.000000
Geração 4 / 300:;Profundidade;0;Melhor;332782.000000;Pior;4660114.000000;Media;3921356.550000;Tempo;13771.000000
Geração 5 / 300:;Profundidade;0;Melhor;332085.000000;Pior;4586564.000000;Media;3703118.075000;Tempo;17167.000000
Temmpo de execução;17167.000000
melhor;332085.000000
Individuo;0;309;308;307;301;300;317;318;316;319;320;322;324;323;314;313;312;311;310;436;437;438;315;439;440;443;442;441;390;391;392;396;350;401;400;358;355;354;352;353;356;357;272;363;364;362;360;361;270;261;260;262;255;257;256;370;375;258;380;378;377;376;372;373;371;365;359;366;367;369;404;368;403;402;397;398;393;394;395;399;444;405;407;411;413;412;414;415;426;427;431;424;425;423;421;422;410;406;409;408;419;374;418;417;420;382;383;384;430;432;433;434;153;152;151;388;386;385;387;381;379;150;149;147;250;251;244;252;254;253;259;266;267;268;269;271;351;273;336;337;338;339;340;343;341;342;344;332;333;345;346;348;349;347;334;335;389;321;327;325;326;331;330;329;328;283;281;280;282;279;274;275;278;277;276;289;286;285;287;288;290;293;292;291;294;295;299;296;298;297;306;305;304;303;302;284;263;264;265;248;249;236;235;246;247;245;243;242;146;240;239;241;237;238;145;144;142;143;141;139;140;234;17;16;15;14;13;45;47;46;48;42;12;41;43;37;36;38;32;31;30;29;10;8;9;11;2;1;478;3;4;6;7;18;5;19;24;26;33;34;35;40;39;44;49;50;51;72;73;75;74;76;77;78;79;80;81;84;83;85;86;87;82;88;71;89;91;90;96;136;137;126;125;117;118;119;120;121;122;123;124;128;127;135;134;133;132;131;130;129;217;216;207;206;194;193;195;191;190;189;192;188;187;180;186;179;178;177;176;175;174;173;169;168;138;167;166;172;171;170;181;182;148;183;184;185;162;161;160;158;157;154;155;156;501;498;500;499;496;497;495;494;435;493;489;490;488;486;487;429;428;416;454;446;445;453;452;451;447;448;449;450;457;456;455;458;459;491;492;518;517;516;522;519;460;520;521;524;515;523;514;525;526;527;528;529;535;530;472;471;470;468;465;462;461;463;464;477;480;479;484;623;624;625;626;627;629;628;630;631;633;632;622;621;620;617;618;619;485;483;482;481;476;475;474;467;466;469;473;601;560;562;561;546;549;559;545;544;543;548;552;555;557;558;556;554;551;553;550;547;541;542;540;539;532;533;531;534;536;537;538;509;510;512;511;513;502;503;504;159;163;506;505;507;508;165;164;202;233;232;229;230;231;204;205;203;201;200;199;198;197;196;208;209;210;211;212;213;214;215;225;226;227;224;222;223;221;219;218;220;228;665;107;108;109;110;112;111;113;114;115;106;105;116;104;103;102;101;99;100;97;95;94;93;92;70;69;66;67;68;65;64;63;62;60;59;58;61;57;56;55;54;53;52;28;27;25;23;22;21;20;659;660;658;657;637;656;645;646;638;636;593;592;591;594;597;595;596;635;634;600;608;599;598;607;609;610;611;613;616;615;614;612;603;602;604;605;606;568;569;570;567;566;565;563;564;573;572;571;588;589;587;576;575;577;574;578;579;580;581;582;586;583;584;590;585;639;647;640;641;642;644;643;648;650;649;651;655;654;652;653;662;661;663;664;98;
Melhor Alcançado;332085.000000; Geração;5
Qtde de Entradas Recursivas;0; Qtde Execuções Recursivas;0; Qtde Execuções das Combinações;0



