Instância;files/gr666.xml
Execução;2 / 3
Tamanho da Populaçap;200
Máximo de gerações;300
Mutação;5
Cruzamento;8
% Manpulação;30
% Mutação;20
Print Parcial;1
Ativa Recursivo;0
Percentual de Redução;77
Profundidade Máxima;5
Percentual de Eltismo;70
Seleção para Cruzamento;0
Forma de Seleção par Mutação;1

Geração 1 / 300:;Profundidade;0;Melhor;4092716.000000;Pior;4840581.000000;Media;4443063.030000;Tempo;2294.000000
Geração 2 / 300:;Profundidade;0;Melhor;4053497.000000;Pior;4873315.000000;Media;4442201.420000;Tempo;4666.000000
Temmpo de execução;4666.000000
melhor;4053497.000000
Individuo;0;622;212;3;4;649;6;7;8;58;10;220;374;356;393;599;16;82;538;19;78;21;28;582;581;549;587;578;642;192;266;69;573;452;481;303;533;189;246;158;466;564;557;562;278;560;559;107;254;142;665;448;553;552;179;337;109;286;304;546;545;565;46;347;607;487;465;331;361;536;535;653;22;532;531;530;529;525;527;584;210;524;523;522;521;520;519;518;516;191;9;625;242;528;511;510;623;508;507;506;147;504;503;502;235;446;133;663;75;496;67;494;647;492;382;265;489;488;322;208;544;385;349;482;571;119;479;478;477;390;386;554;415;662;471;470;469;628;467;485;588;228;88;25;407;301;438;240;79;609;455;454;55;253;451;271;449;474;447;326;445;444;102;442;441;364;5;357;577;646;645;285;643;363;641;640;476;638;637;551;387;366;298;632;180;182;597;135;627;626;514;498;372;23;190;568;175;618;617;616;615;614;613;154;611;610;456;572;413;606;605;604;603;602;601;186;255;598;629;596;595;594;593;410;495;590;589;636;171;272;585;624;148;125;118;117;43;648;139;540;35;153;110;350;500;433;184;429;561;103;566;443;475;99;98;97;96;270;94;123;159;91;90;422;232;218;86;85;323;83;352;81;267;32;20;324;173;177;178;388;157;71;556;325;68;591;580;65;63;64;62;61;60;59;116;57;280;354;128;257;52;51;50;49;48;219;432;120;44;417;42;41;95;348;38;37;2;283;40;499;457;383;30;29;639;27;289;462;24;621;165;541;122;480;440;288;126;127;54;77;130;131;132;124;202;459;13;436;435;439;548;543;129;105;369;428;215;341;425;424;134;608;421;53;419;252;70;416;294;414;121;412;411;345;409;389;339;262;405;404;403;402;284;400;399;398;391;138;395;394;14;92;397;569;408;73;113;652;1;108;66;258;379;434;168;231;18;491;106;101;378;509;371;370;276;515;367;418;365;319;181;497;537;360;217;358;423;592;612;575;586;241;351;631;483;490;542;346;200;344;56;342;293;340;292;338;583;368;335;334;333;332;377;517;155;343;327;381;493;161;84;473;321;320;273;318;317;316;315;558;137;312;268;222;225;100;307;306;450;45;570;302;650;300;299;633;579;296;295;635;427;269;291;660;26;33;233;314;437;453;115;282;281;207;279;309;216;430;275;274;460;206;656;34;249;311;166;263;297;264;401;373;261;260;259;251;172;245;187;310;630;634;209;250;472;248;247;380;659;244;243;513;336;112;239;238;237;236;152;234;574;463;31;230;229;406;227;226;74;224;223;468;221;11;355;87;534;39;47;89;213;484;104;512;76;329;392;353;205;204;203;567;201;36;199;198;547;196;195;194;193;505;330;93;620;160;15;600;185;461;183;214;458;426;539;256;362;176;619;174;287;420;313;170;197;384;167;80;376;164;163;162;431;188;464;12;72;156;486;328;169;501;151;150;149;550;576;146;145;144;143;375;141;140;114;111;277;136;17;396;644;651;308;305;654;655;563;657;658;211;290;661;359;526;664;555;
Melhor Alcançado;1000000.000000; Geração;140657864
Qtde de Entradas Recursivas;0; Qtde Execuções Recursivas;0; Qtde Execuções das Combinações;0



