Instância;./files/gr666.xml
Execução;21 / 25
Tamanho da Populaçap;200
Máximo de gerações;300
Mutação;6
Cruzamento;3
% Manpulação;30
% Mutação;2
Print Parcial;1
Ativa Recursivo;0
Percentual de Redução;78
Profundidade Máxima;100
Percentual de Eltismo;70
Seleção para Cruzamento;0
Forma de Seleção par Mutação;1

Geração 1 / 300:;Profundidade;0;Melhor;396082.000000;Pior;4791663.000000;Media;4370751.105000;Tempo;3508.000000
Geração 2 / 300:;Profundidade;0;Melhor;342632.000000;Pior;4789324.000000;Media;4255882.545000;Tempo;6928.000000
Geração 3 / 300:;Profundidade;0;Melhor;328310.000000;Pior;4724165.000000;Media;4182659.800000;Tempo;10350.000000
Geração 4 / 300:;Profundidade;0;Melhor;320285.000000;Pior;4715592.000000;Media;4085809.125000;Tempo;13773.000000
Geração 5 / 300:;Profundidade;0;Melhor;318899.000000;Pior;4788200.000000;Media;3977655.135000;Tempo;17203.000000
Temmpo de execução;17203.000000
melhor;318899.000000
Individuo;0;309;308;17;234;140;139;141;142;143;144;145;238;239;240;241;237;235;236;249;248;247;246;245;250;243;242;146;147;251;244;252;253;254;259;260;261;270;361;360;362;363;364;371;375;370;262;255;256;257;258;379;149;150;151;152;388;387;386;385;384;383;382;381;380;377;378;376;372;373;374;419;418;417;369;367;366;365;359;358;355;400;401;396;393;392;391;389;335;334;347;348;350;349;346;345;333;332;328;283;281;282;280;278;276;277;275;279;339;341;342;343;344;340;338;337;336;274;273;351;357;354;352;353;356;272;271;269;268;266;264;265;263;284;287;288;285;286;267;289;290;293;294;292;291;304;303;302;306;305;297;296;295;298;299;300;301;307;310;436;312;437;461;462;450;449;448;447;438;439;315;313;314;323;324;322;320;319;316;317;318;325;326;330;329;331;327;321;390;441;440;442;443;395;394;399;444;445;412;414;415;413;411;407;405;398;397;402;403;368;404;406;408;409;410;422;421;423;420;425;424;426;427;431;430;432;153;434;433;487;486;429;428;416;446;454;455;453;452;451;456;457;458;459;460;519;520;521;522;516;517;518;492;491;490;489;488;493;435;494;495;496;497;499;501;498;500;155;154;157;156;158;160;161;162;185;184;183;148;170;182;181;171;172;166;138;167;168;169;173;174;175;176;177;178;179;180;186;187;189;188;192;190;191;195;197;199;198;196;193;194;206;207;219;220;218;216;217;228;227;226;225;215;224;222;223;221;211;212;209;208;210;213;214;229;230;232;231;233;202;203;204;205;201;200;164;165;508;507;505;506;163;159;504;503;502;513;512;511;510;509;526;525;514;515;523;524;527;528;471;472;470;469;473;468;466;465;467;474;475;476;481;482;483;484;623;624;625;626;628;629;627;630;631;485;619;618;620;621;622;632;633;634;599;600;608;609;610;611;613;617;616;615;614;612;603;602;604;605;606;568;567;566;565;563;562;561;560;601;559;545;548;544;543;542;540;539;532;533;531;530;529;535;534;536;537;538;541;547;550;553;554;558;556;557;555;551;552;549;546;564;573;577;574;575;576;578;579;581;580;582;583;590;585;584;586;589;587;588;571;572;570;569;607;598;597;596;595;594;591;592;593;639;647;640;641;643;642;644;645;646;638;636;637;635;658;657;656;655;654;652;651;650;649;648;665;107;108;109;106;115;105;114;113;112;111;110;118;119;120;121;124;123;122;129;130;131;132;133;134;135;128;127;126;125;117;116;104;103;102;101;99;100;98;97;95;94;93;96;137;136;84;83;85;81;80;79;86;82;88;71;89;91;90;87;78;77;76;74;75;73;72;51;50;49;44;40;39;43;42;48;47;46;45;16;15;14;13;12;41;36;37;30;29;10;11;8;9;6;7;5;18;19;24;21;20;22;23;25;27;28;26;31;38;32;33;34;35;54;52;53;57;56;55;58;59;61;60;62;63;64;65;66;67;68;69;70;92;664;663;661;662;653;660;659;4;2;3;1;478;479;480;477;464;463;311;
Melhor Alcançado;318899.000000; Geração;5
Qtde de Entradas Recursivas;0; Qtde Execuções Recursivas;0; Qtde Execuções das Combinações;0



