Instância;./files/gr666.xml
Execução;15 / 25
Tamanho da Populaçap;200
Máximo de gerações;300
Mutação;6
Cruzamento;0
% Manpulação;30
% Mutação;2
Print Parcial;1
Ativa Recursivo;0
Percentual de Redução;78
Profundidade Máxima;100
Percentual de Eltismo;70
Seleção para Cruzamento;0
Forma de Seleção par Mutação;1

Geração 1 / 300:;Profundidade;0;Melhor;412079.000000;Pior;4866928.000000;Media;4352119.855000;Tempo;3550.000000
Geração 2 / 300:;Profundidade;0;Melhor;352865.000000;Pior;4900172.000000;Media;4233833.930000;Tempo;7055.000000
Geração 3 / 300:;Profundidade;0;Melhor;340115.000000;Pior;4941467.000000;Media;4118098.860000;Tempo;10554.000000
Geração 4 / 300:;Profundidade;0;Melhor;336932.000000;Pior;4675093.000000;Media;3942828.775000;Tempo;14063.000000
Geração 5 / 300:;Profundidade;0;Melhor;335589.000000;Pior;4780401.000000;Media;3844470.525000;Tempo;17489.000000
Temmpo de execução;17489.000000
melhor;335589.000000
Individuo;0;464;463;437;312;436;310;311;316;317;318;319;322;323;324;314;313;315;439;438;447;451;452;455;456;457;450;448;449;461;462;465;468;466;467;476;474;475;473;469;472;471;470;530;531;533;532;534;536;538;537;535;529;527;528;526;509;510;512;511;513;504;159;503;502;515;523;514;525;524;521;520;460;458;459;519;522;516;517;518;491;492;490;489;488;486;429;428;416;415;414;413;411;412;446;454;453;445;444;399;394;395;443;442;440;441;390;391;392;396;393;398;397;402;403;404;368;367;366;365;359;357;354;355;358;400;401;350;349;347;348;346;345;334;335;389;331;327;321;320;325;326;330;329;328;333;283;281;282;280;278;279;340;342;332;344;343;341;339;338;337;352;353;356;272;271;351;273;336;274;275;277;276;268;269;270;363;364;362;361;360;260;261;262;370;375;371;372;376;377;378;373;374;418;419;369;417;408;406;405;407;410;422;409;421;420;423;425;424;426;427;431;432;430;384;383;382;381;380;258;257;256;255;254;252;245;244;251;250;243;242;241;237;238;143;141;142;144;145;239;240;146;147;149;379;150;151;387;385;386;388;152;153;434;433;487;435;493;494;495;496;497;499;500;498;501;155;157;154;156;158;162;161;160;163;506;508;507;505;165;164;202;233;231;230;232;229;215;225;226;227;228;217;123;124;122;121;119;120;118;117;125;127;128;126;102;103;104;116;106;105;115;114;113;111;112;110;109;108;107;665;643;642;641;640;647;639;585;590;588;589;587;586;584;583;582;581;580;579;576;578;577;574;571;572;573;564;561;560;601;559;545;544;543;539;540;542;541;547;550;553;554;556;557;558;555;551;548;552;549;546;562;563;565;566;567;570;569;568;606;604;602;605;603;612;609;610;611;600;608;607;598;599;634;635;595;597;596;594;591;592;593;636;637;658;657;656;638;646;645;644;649;648;650;651;655;654;652;653;659;660;662;661;663;664;92;93;94;95;96;97;98;99;100;101;137;136;81;86;82;87;88;91;90;89;71;70;69;68;67;66;65;64;72;73;50;51;74;75;76;77;78;79;80;85;84;83;135;134;133;132;131;129;130;216;188;189;190;192;193;194;206;207;219;218;220;224;221;223;222;211;210;209;208;212;214;213;205;204;203;201;200;199;198;197;196;195;191;185;184;183;148;170;181;182;187;180;186;179;177;178;176;172;171;175;174;173;169;168;167;138;166;139;140;234;235;236;249;247;246;248;253;259;266;265;264;263;284;287;288;285;267;286;289;290;293;292;294;295;291;304;302;303;306;305;297;296;298;299;300;301;307;308;309;11;8;10;29;30;36;37;41;12;13;15;17;16;14;45;46;47;48;42;43;44;49;40;39;38;32;31;33;34;35;55;58;62;63;60;59;61;57;56;54;53;52;28;24;26;27;25;23;22;21;20;18;5;19;7;9;6;4;2;1;3;478;479;480;477;482;481;619;485;483;484;623;624;625;626;627;629;628;630;631;632;633;622;621;620;617;618;613;615;616;614;575;
Melhor Alcançado;335589.000000; Geração;5
Qtde de Entradas Recursivas;0; Qtde Execuções Recursivas;0; Qtde Execuções das Combinações;0



