Instância;./files/gr666.xml
Execução;8 / 25
Tamanho da Populaçap;200
Máximo de gerações;300
Mutação;6
Cruzamento;4
% Manpulação;30
% Mutação;2
Print Parcial;1
Ativa Recursivo;0
Percentual de Redução;78
Profundidade Máxima;100
Percentual de Eltismo;70
Seleção para Cruzamento;0
Forma de Seleção par Mutação;1

Geração 1 / 300:;Profundidade;0;Melhor;404264.000000;Pior;4782794.000000;Media;4342115.800000;Tempo;3507.000000
Geração 2 / 300:;Profundidade;0;Melhor;360025.000000;Pior;4566993.000000;Media;4222893.605000;Tempo;6954.000000
Geração 3 / 300:;Profundidade;0;Melhor;343119.000000;Pior;4661233.000000;Media;4094458.200000;Tempo;10437.000000
Geração 4 / 300:;Profundidade;0;Melhor;337388.000000;Pior;4545859.000000;Media;3931267.650000;Tempo;13869.000000
Geração 5 / 300:;Profundidade;0;Melhor;333971.000000;Pior;4565040.000000;Media;3779402.680000;Tempo;17319.000000
Temmpo de execução;17319.000000
melhor;333971.000000
Individuo;0;464;463;437;311;310;436;312;313;314;315;438;439;440;324;323;322;320;319;316;318;317;300;301;307;308;309;11;8;9;10;29;30;36;37;38;43;41;12;42;48;47;46;13;14;15;45;16;17;234;140;139;141;142;143;144;145;238;241;240;239;237;235;236;249;246;247;245;248;253;254;252;244;251;250;243;242;146;147;149;151;150;379;258;377;376;378;380;381;382;383;384;387;385;386;388;153;152;148;170;181;182;183;184;185;191;195;197;198;199;200;201;202;203;204;205;213;212;214;229;230;232;231;233;558;557;556;554;555;552;549;546;561;562;563;564;565;566;567;568;569;570;571;572;573;574;575;577;578;579;576;587;588;589;590;586;582;580;581;583;584;585;592;591;594;595;596;597;599;600;608;598;607;609;612;610;611;634;635;658;657;656;637;638;636;593;639;647;640;641;642;643;644;645;646;655;654;652;653;651;650;649;648;665;107;108;217;216;218;220;219;228;227;226;224;225;215;222;223;221;211;210;208;209;196;207;206;194;193;192;188;189;190;187;186;180;179;176;177;178;171;172;175;173;174;169;168;166;167;138;131;130;129;132;133;135;84;83;85;136;137;102;125;126;127;128;124;123;122;121;120;118;119;117;114;113;112;111;110;109;106;105;115;116;104;103;101;100;99;98;97;96;93;94;95;92;664;663;661;662;660;659;20;21;22;23;25;27;28;52;53;54;56;57;61;62;60;59;58;55;64;72;65;63;66;68;67;69;70;71;90;91;89;88;87;82;86;81;79;80;78;77;76;75;74;73;51;50;49;44;39;40;35;34;33;32;31;26;24;19;18;5;7;6;4;2;3;1;478;479;480;477;481;619;618;485;483;482;484;623;624;625;626;628;629;630;627;631;633;632;622;621;620;617;613;615;616;614;603;602;604;605;606;601;560;545;559;544;543;548;551;553;550;547;541;542;540;539;533;532;531;530;472;471;470;469;473;475;476;474;467;466;465;468;462;461;449;450;448;447;451;445;453;452;455;456;457;460;520;519;459;458;491;492;518;517;516;522;521;524;523;515;514;525;526;527;528;529;534;535;536;537;538;509;510;511;512;513;502;504;503;163;506;505;508;507;165;164;161;162;160;159;158;157;154;155;156;501;498;500;499;497;496;495;494;435;493;490;489;488;487;434;433;432;430;424;427;426;431;425;423;420;421;422;410;409;408;406;368;404;403;402;397;398;405;407;411;413;414;415;416;428;429;486;454;446;412;444;399;394;395;443;442;441;390;391;393;396;392;389;335;331;327;321;325;326;330;329;328;283;282;281;280;278;275;277;276;269;268;267;286;289;285;288;287;290;291;292;293;294;295;299;296;298;297;305;306;304;302;303;284;263;265;264;266;259;260;261;270;364;363;362;361;360;262;255;256;257;370;375;371;372;373;374;418;419;417;369;367;366;365;359;355;358;400;401;350;349;348;347;334;346;333;345;354;352;353;357;356;272;351;271;273;336;274;279;341;342;343;332;344;340;337;338;339;134;
Melhor Alcançado;333971.000000; Geração;5
Qtde de Entradas Recursivas;0; Qtde Execuções Recursivas;0; Qtde Execuções das Combinações;0



