Instância;./files/gr666.xml
Execução;6 / 25
Tamanho da Populaçap;200
Máximo de gerações;300
Mutação;6
Cruzamento;0
% Manpulação;30
% Mutação;2
Print Parcial;1
Ativa Recursivo;0
Percentual de Redução;78
Profundidade Máxima;100
Percentual de Eltismo;70
Seleção para Cruzamento;0
Forma de Seleção par Mutação;1

Geração 1 / 300:;Profundidade;0;Melhor;409350.000000;Pior;4905757.000000;Media;4350860.690000;Tempo;3550.000000
Geração 2 / 300:;Profundidade;0;Melhor;362232.000000;Pior;4957353.000000;Media;4246543.920000;Tempo;7028.000000
Geração 3 / 300:;Profundidade;0;Melhor;347834.000000;Pior;5061733.000000;Media;4139799.465000;Tempo;10542.000000
Geração 4 / 300:;Profundidade;0;Melhor;341373.000000;Pior;4921795.000000;Media;4003434.185000;Tempo;14026.000000
Geração 5 / 300:;Profundidade;0;Melhor;338086.000000;Pior;4856312.000000;Media;3853320.510000;Tempo;17467.000000
Temmpo de execução;17467.000000
melhor;338086.000000
Individuo;0;463;462;461;449;448;450;457;456;455;453;452;451;447;443;442;395;394;393;399;444;445;412;446;454;416;428;429;486;488;490;489;493;494;495;435;497;496;499;500;498;501;155;156;157;154;434;487;433;432;431;424;425;430;384;383;382;420;423;421;422;410;426;427;415;414;413;411;407;405;406;409;408;419;418;417;374;373;372;376;378;377;380;381;387;385;386;388;153;152;151;150;149;379;258;375;371;370;257;256;255;262;261;260;259;248;245;246;247;249;236;235;234;140;139;166;167;138;168;169;173;174;175;172;171;170;181;182;148;141;142;143;144;145;238;237;241;240;239;146;147;242;243;250;251;244;252;254;253;265;264;263;284;302;303;304;306;305;297;296;299;298;295;294;292;291;293;290;287;288;285;289;286;267;266;268;269;273;351;271;270;360;361;362;364;363;272;356;357;353;352;354;346;345;332;344;340;343;342;341;339;337;338;336;274;275;276;277;278;279;280;281;282;283;328;333;329;330;326;325;327;321;331;389;335;334;347;348;349;350;401;400;358;355;359;365;366;367;369;404;368;403;402;397;398;396;392;391;390;441;440;438;439;315;314;313;312;437;436;310;311;316;319;324;323;322;320;318;317;300;301;307;308;309;11;8;26;24;20;21;22;23;25;27;28;52;53;54;55;56;57;58;60;59;62;63;64;65;68;66;67;69;70;71;88;87;89;90;91;92;95;94;93;96;97;98;99;100;101;104;103;102;137;136;126;127;128;125;117;118;119;120;121;122;124;123;129;130;131;132;133;134;135;84;83;85;80;79;81;86;82;78;77;76;75;74;73;72;50;51;49;44;43;42;48;46;47;45;17;16;15;13;14;12;41;37;36;38;39;40;34;35;33;32;31;30;29;10;9;6;7;19;18;5;4;1;3;2;478;479;480;477;464;467;474;475;476;481;483;482;484;623;624;625;626;627;630;631;629;628;485;619;618;615;616;614;612;603;602;604;605;609;610;611;613;617;620;621;622;632;633;634;600;608;607;598;599;597;596;595;594;635;658;657;656;637;646;638;636;593;592;591;586;589;588;587;571;572;570;569;568;606;566;567;573;565;564;563;562;561;560;601;473;466;465;468;469;470;471;472;530;531;532;533;534;541;542;540;539;543;544;545;559;546;549;552;551;548;547;550;553;554;555;556;557;558;577;574;575;576;578;579;581;580;582;583;584;590;585;639;640;647;641;645;644;642;643;648;650;649;651;655;654;652;653;659;660;662;661;663;664;106;105;115;116;114;113;112;111;110;109;108;107;665;217;216;176;177;178;179;186;180;188;192;193;194;206;207;196;209;208;210;212;213;214;211;222;223;221;219;220;218;228;227;224;226;225;215;229;232;230;231;233;202;203;205;204;201;200;199;198;197;195;191;190;189;187;183;184;185;162;160;161;164;165;507;508;505;506;163;159;504;503;158;502;513;512;511;510;509;538;537;536;535;529;528;527;521;520;460;459;458;491;492;518;519;517;516;522;523;514;515;524;525;526;61;
Melhor Alcançado;338086.000000; Geração;5
Qtde de Entradas Recursivas;0; Qtde Execuções Recursivas;0; Qtde Execuções das Combinações;0



