Instância;files/gr666.xml
Execução;3 / 3
Tamanho da Populaçap;200
Máximo de gerações;300
Mutação;5
Cruzamento;3
% Manpulação;30
% Mutação;20
Print Parcial;1
Ativa Recursivo;0
Percentual de Redução;77
Profundidade Máxima;5
Percentual de Eltismo;70
Seleção para Cruzamento;0
Forma de Seleção par Mutação;1

Geração 1 / 300:;Profundidade;0;Melhor;4148484.000000;Pior;4792388.000000;Media;4454121.595000;Tempo;2413.000000
Geração 2 / 300:;Profundidade;0;Melhor;4109162.000000;Pior;4894926.000000;Media;4444371.925000;Tempo;5000.000000
Temmpo de execução;5000.000000
melhor;4109162.000000
Individuo;0;1;324;210;4;5;537;7;129;9;152;427;12;13;14;276;450;314;18;523;284;21;99;662;24;25;26;27;213;479;626;418;32;564;108;248;157;520;38;39;384;501;252;43;44;45;46;627;445;54;79;188;52;53;309;474;56;57;58;59;60;61;246;493;355;455;10;67;461;190;642;71;512;75;74;506;473;77;78;40;663;69;76;658;657;554;462;487;551;584;549;48;29;546;49;361;543;386;643;640;369;289;83;84;15;86;236;88;37;90;539;92;448;94;411;201;242;323;498;100;150;102;103;104;105;106;42;255;590;541;619;36;113;191;472;116;117;118;119;120;121;452;123;112;125;98;433;212;295;270;555;578;389;134;262;136;394;187;490;218;141;142;143;581;145;476;147;277;239;101;272;233;153;232;155;156;425;283;192;547;161;162;8;164;165;357;481;313;151;170;51;172;173;6;175;559;230;221;447;259;332;182;183;184;185;186;571;664;189;216;114;159;407;171;195;552;373;198;438;200;95;202;197;204;228;348;263;454;209;85;33;144;428;214;215;429;207;140;219;220;178;128;223;224;225;226;227;166;322;349;443;115;261;275;337;87;484;89;413;504;383;654;243;244;245;62;247;574;249;250;251;107;287;254;34;146;466;258;529;260;469;2;235;231;661;266;378;540;508;130;271;176;273;482;211;475;148;278;431;326;440;400;645;20;525;636;419;288;451;30;291;292;573;31;526;296;297;298;317;241;301;299;303;154;395;632;307;308;522;310;545;312;168;17;315;316;598;318;660;496;174;229;179;217;403;387;327;444;64;330;497;608;333;495;68;463;639;367;339;340;286;328;343;605;345;346;347;206;169;350;351;352;82;609;329;593;300;358;366;360;544;282;363;364;365;257;518;510;28;253;124;372;625;374;375;376;377;267;659;465;381;234;524;616;641;620;404;586;478;390;391;163;393;494;304;653;397;599;399;644;401;290;302;137;405;406;193;321;409;410;133;412;563;414;468;370;417;138;305;279;421;422;354;424;416;426;281;477;196;430;637;432;483;434;435;436;437;149;439;11;441;442;264;256;331;23;65;73;319;359;415;222;453;126;265;344;457;458;459;402;634;553;492;464;507;240;420;353;517;470;471;388;379;55;656;342;81;237;499;621;181;274;577;556;557;558;97;371;561;562;199;280;565;566;567;194;569;570;575;572;293;35;167;648;320;132;3;580;588;582;41;22;585;560;362;122;589;109;628;592;591;594;595;528;597;382;398;600;601;602;603;604;456;606;607;160;423;610;611;612;613;614;615;19;617;618;408;542;158;622;623;624;111;548;47;356;629;630;631;306;503;335;635;536;336;638;538;80;385;70;655;587;480;646;647;576;649;650;651;652;396;177;110;579;131;96;485;486;325;205;489;139;449;50;63;488;334;127;203;16;91;500;583;502;633;550;505;93;380;269;509;368;511;72;513;514;515;516;491;338;519;532;521;311;208;66;285;392;527;596;180;530;531;238;533;534;535;341;467;135;294;268;446;460;568;665;
Melhor Alcançado;1000000.000000; Geração;65
Qtde de Entradas Recursivas;0; Qtde Execuções Recursivas;0; Qtde Execuções das Combinações;0



