Instância;./files/gr666.xml
Execução;3 / 25
Tamanho da Populaçap;200
Máximo de gerações;300
Mutação;6
Cruzamento;2
% Manpulação;30
% Mutação;2
Print Parcial;1
Ativa Recursivo;0
Percentual de Redução;78
Profundidade Máxima;100
Percentual de Eltismo;70
Seleção para Cruzamento;0
Forma de Seleção par Mutação;1

Geração 1 / 300:;Profundidade;0;Melhor;398938.000000;Pior;4748848.000000;Media;4339452.620000;Tempo;3502.000000
Geração 2 / 300:;Profundidade;0;Melhor;343480.000000;Pior;4695004.000000;Media;4245345.095000;Tempo;6970.000000
Geração 3 / 300:;Profundidade;0;Melhor;331730.000000;Pior;4669721.000000;Media;4097797.980000;Tempo;10415.000000
Geração 4 / 300:;Profundidade;0;Melhor;327983.000000;Pior;4579378.000000;Media;3903250.385000;Tempo;13830.000000
Geração 5 / 300:;Profundidade;0;Melhor;326695.000000;Pior;4575320.000000;Media;3782390.785000;Tempo;17190.000000
Temmpo de execução;17190.000000
melhor;326695.000000
Individuo;0;309;307;308;17;16;45;14;15;13;12;46;47;48;42;43;41;36;37;38;39;40;44;49;50;51;73;75;76;74;77;78;79;80;81;85;84;83;135;133;129;131;130;132;134;136;137;99;100;101;102;103;104;116;117;125;126;127;128;123;124;122;121;120;119;118;111;109;110;112;113;114;115;105;106;107;108;665;648;649;650;651;645;644;642;643;641;647;640;639;585;590;589;586;584;583;582;581;580;579;578;575;577;574;576;587;588;595;635;634;611;610;613;617;620;621;622;632;633;631;630;628;629;627;626;625;624;623;484;479;3;4;2;1;478;480;477;464;463;437;447;448;449;461;462;450;457;456;455;453;452;451;445;412;446;454;416;415;413;414;411;422;410;409;407;405;444;399;394;395;443;442;441;390;391;392;396;393;398;397;402;401;403;368;404;406;408;419;369;367;366;365;359;358;400;355;354;352;353;357;356;272;364;363;362;361;360;270;271;351;273;274;269;268;267;286;289;276;277;275;278;280;282;281;279;336;337;338;339;341;342;343;340;344;332;283;328;330;329;333;345;346;349;350;348;347;334;335;389;331;321;327;326;325;320;324;322;323;314;313;315;439;440;438;312;310;436;311;316;319;318;317;300;301;299;298;296;297;305;306;302;303;304;291;295;294;292;293;290;288;287;285;284;263;264;265;266;253;259;254;244;252;245;247;248;246;249;236;235;234;140;139;141;142;143;144;145;238;237;241;240;239;146;242;243;250;251;147;149;150;151;152;153;434;433;432;430;384;382;381;380;378;418;417;374;373;372;376;377;375;371;370;262;261;260;255;256;257;258;379;387;388;386;385;383;420;421;423;425;424;431;426;427;429;428;486;487;488;489;490;493;435;494;495;497;496;499;500;498;501;156;155;154;157;158;160;162;161;163;164;201;203;204;205;200;199;198;197;196;208;209;210;213;212;211;222;221;223;224;220;218;219;207;206;193;194;195;191;185;184;183;148;182;181;170;172;171;166;138;167;168;169;173;174;175;176;178;177;179;186;180;187;190;192;189;188;216;217;228;227;226;225;215;214;229;232;230;231;233;202;165;507;508;505;506;159;503;504;502;513;514;515;523;516;522;517;518;492;491;458;459;519;460;520;521;524;526;525;512;511;510;509;538;537;536;534;535;529;528;527;471;470;472;530;531;533;532;539;543;540;542;541;547;550;553;554;557;556;558;555;551;548;552;549;546;544;545;559;560;601;561;562;563;565;564;573;572;571;570;569;568;567;566;606;605;604;603;602;473;469;468;465;466;467;474;475;476;481;483;482;485;619;618;615;616;614;612;609;598;607;608;600;599;597;596;594;591;592;593;636;638;646;637;657;658;656;655;654;652;653;660;659;662;661;663;664;92;97;98;96;93;95;94;91;90;89;86;82;87;88;71;70;69;67;68;66;65;72;64;63;60;62;61;58;59;55;56;57;53;54;35;34;33;32;31;30;29;10;11;9;8;7;6;5;18;19;24;26;27;28;52;25;23;21;20;22;
Melhor Alcançado;326695.000000; Geração;5
Qtde de Entradas Recursivas;0; Qtde Execuções Recursivas;0; Qtde Execuções das Combinações;0



