Instância;./files/gr666.xml
Execução;5 / 25
Tamanho da Populaçap;200
Máximo de gerações;300
Mutação;6
Cruzamento;1
% Manpulação;30
% Mutação;2
Print Parcial;1
Ativa Recursivo;0
Percentual de Redução;78
Profundidade Máxima;100
Percentual de Eltismo;70
Seleção para Cruzamento;0
Forma de Seleção par Mutação;1

Geração 1 / 300:;Profundidade;0;Melhor;409256.000000;Pior;4992732.000000;Media;4394835.290000;Tempo;3755.000000
Geração 2 / 300:;Profundidade;0;Melhor;355399.000000;Pior;5032042.000000;Media;4336730.690000;Tempo;7478.000000
Geração 3 / 300:;Profundidade;0;Melhor;345402.000000;Pior;5144686.000000;Media;4220376.670000;Tempo;11194.000000
Geração 4 / 300:;Profundidade;0;Melhor;341173.000000;Pior;4959576.000000;Media;4119122.115000;Tempo;14918.000000
Temmpo de execução;14918.000000
melhor;341173.000000
Individuo;0;464;463;465;466;467;474;475;615;616;614;612;609;603;602;473;469;468;462;461;450;449;448;447;451;452;453;445;444;399;394;393;397;402;396;403;404;368;369;367;366;359;365;372;376;377;378;373;374;418;417;419;408;406;398;405;407;409;410;422;421;423;420;425;424;426;431;430;432;433;487;434;153;152;151;388;387;386;385;384;383;382;381;380;258;379;150;149;147;250;243;245;246;248;247;249;236;235;234;140;139;141;142;143;144;145;238;237;241;240;239;146;242;251;244;252;254;253;259;266;265;264;263;284;302;303;306;305;304;287;288;285;267;268;269;273;351;271;270;361;360;261;260;262;255;256;257;375;370;371;362;364;363;272;357;356;353;352;354;355;358;400;401;350;349;348;346;347;334;329;328;333;345;337;338;339;340;344;343;342;341;283;281;282;280;279;336;274;275;278;277;276;286;289;290;291;292;293;294;295;297;298;296;299;318;320;321;327;325;326;330;331;335;389;392;391;390;441;395;443;442;440;439;315;438;437;311;310;436;312;313;314;324;323;322;319;316;317;300;301;307;309;308;17;16;45;15;14;13;12;41;42;47;46;48;43;44;49;50;72;73;51;74;75;76;77;78;82;86;80;79;81;85;84;83;135;136;137;101;99;100;104;115;105;106;107;665;108;109;110;111;112;113;114;116;103;102;126;125;117;118;119;120;121;124;122;123;127;128;129;130;131;132;133;134;138;168;167;166;173;169;174;175;172;171;170;148;182;181;176;177;178;179;180;186;187;183;185;184;190;189;192;188;216;217;228;218;220;219;207;206;196;194;193;195;191;197;199;198;200;201;203;204;205;213;214;212;208;209;210;211;221;223;222;224;226;227;225;215;229;230;232;231;233;202;164;165;507;505;506;508;509;510;511;512;513;514;523;515;522;516;517;518;492;491;490;489;493;494;495;496;497;499;498;501;500;502;503;504;159;163;161;162;160;158;156;155;157;154;435;488;486;429;428;427;415;414;413;411;412;416;446;454;455;456;457;458;459;460;519;520;521;524;525;526;528;527;471;470;472;530;529;535;538;537;536;534;532;533;531;539;540;542;541;547;550;553;554;556;557;558;577;574;575;576;578;579;580;581;582;584;583;586;587;588;589;590;585;640;647;646;645;644;641;642;643;649;648;650;651;652;655;654;653;662;661;663;660;659;658;657;656;637;638;635;636;593;639;592;591;594;596;595;597;569;570;571;572;573;567;566;565;564;563;561;562;546;549;552;555;551;548;543;544;545;559;560;601;604;605;606;568;607;598;608;599;600;634;611;610;613;617;618;620;621;622;632;633;631;630;628;629;627;626;625;624;623;484;483;482;485;619;481;476;477;479;480;478;1;2;3;4;6;7;19;5;18;20;21;22;23;25;52;28;27;24;26;33;32;31;30;10;8;9;11;29;36;37;38;39;40;34;35;54;53;57;56;55;58;59;60;61;62;63;64;65;66;67;68;69;70;71;88;87;89;90;91;93;95;94;96;97;98;92;664;332;
Melhor Alcançado;341173.000000; Geração;4
Qtde de Entradas Recursivas;0; Qtde Execuções Recursivas;0; Qtde Execuções das Combinações;0



