Instância;./files/gr666.xml
Execução;2 / 25
Tamanho da Populaçap;200
Máximo de gerações;300
Mutação;6
Cruzamento;3
% Manpulação;30
% Mutação;2
Print Parcial;1
Ativa Recursivo;0
Percentual de Redução;78
Profundidade Máxima;100
Percentual de Eltismo;70
Seleção para Cruzamento;0
Forma de Seleção par Mutação;1

Geração 1 / 300:;Profundidade;0;Melhor;404071.000000;Pior;4771714.000000;Media;4376311.300000;Tempo;3738.000000
Geração 2 / 300:;Profundidade;0;Melhor;351985.000000;Pior;4814590.000000;Media;4291426.865000;Tempo;7455.000000
Geração 3 / 300:;Profundidade;0;Melhor;338734.000000;Pior;4848989.000000;Media;4194726.900000;Tempo;11153.000000
Geração 4 / 300:;Profundidade;0;Melhor;336158.000000;Pior;4738982.000000;Media;4101591.715000;Tempo;14826.000000
Temmpo de execução;14826.000000
melhor;336158.000000
Individuo;0;310;312;316;311;436;437;438;315;314;313;439;440;443;442;395;394;393;396;401;400;358;355;354;352;356;357;353;272;351;273;275;278;276;277;280;281;283;282;279;274;336;337;338;339;341;342;343;340;344;332;345;333;329;328;330;326;325;327;321;331;389;335;334;346;347;348;349;350;392;391;390;441;324;323;322;320;319;317;318;300;301;307;308;309;1;478;479;480;477;481;483;482;484;623;485;624;625;626;628;627;629;630;631;633;632;622;621;620;613;611;610;609;612;614;616;615;617;618;619;476;475;474;467;464;463;462;461;449;450;448;447;451;452;445;453;455;456;457;458;459;519;460;520;521;524;525;526;527;528;535;529;534;536;537;538;509;510;511;512;513;515;514;523;522;516;517;518;492;491;490;489;435;155;154;157;156;498;501;500;499;497;496;495;494;493;488;487;433;434;153;152;388;386;385;387;379;255;256;257;370;371;375;258;377;376;372;373;374;417;418;419;408;406;409;410;422;421;420;378;380;381;382;383;384;423;425;430;432;431;427;424;426;415;416;428;429;486;454;446;412;414;413;411;407;405;444;399;397;398;402;403;404;368;369;367;366;365;359;364;363;362;361;360;262;261;260;270;271;269;268;266;267;286;289;285;288;287;290;291;292;293;294;295;299;298;296;297;306;305;304;303;302;284;263;264;265;259;253;254;252;244;251;250;243;242;245;248;246;247;249;236;235;234;140;139;141;142;143;144;145;238;237;241;240;239;146;147;149;150;151;148;183;185;184;162;161;160;158;502;503;504;159;163;506;507;508;505;165;164;200;201;203;204;202;233;231;230;232;229;214;213;210;208;209;212;211;215;225;226;227;224;223;222;221;219;218;220;228;217;216;207;206;194;193;196;198;199;197;191;195;190;192;188;189;187;186;180;179;177;178;176;181;182;170;171;172;175;173;174;169;167;168;166;138;132;131;130;129;133;134;135;83;84;85;81;80;79;78;77;76;51;40;35;34;33;32;31;26;24;20;21;22;23;25;27;28;52;53;57;56;54;55;60;58;59;61;62;63;64;65;66;67;68;69;70;92;95;93;94;91;90;89;71;88;87;86;82;75;74;73;72;50;49;44;39;38;43;42;47;46;48;45;16;17;15;14;13;12;41;36;37;30;29;10;8;9;11;6;7;19;5;18;4;2;3;659;660;653;662;661;663;664;106;105;115;117;125;120;118;119;121;123;122;124;128;127;126;136;137;96;97;98;99;100;101;102;103;104;116;114;113;112;111;110;109;108;107;665;649;648;650;651;652;654;655;656;657;658;637;638;646;645;644;643;642;641;640;647;639;593;636;635;634;600;608;607;598;599;597;596;595;594;591;592;585;590;589;588;587;586;583;584;582;581;580;579;578;576;575;577;574;572;571;570;569;567;566;568;606;605;604;603;602;473;466;465;468;469;471;470;472;530;531;533;532;539;540;542;541;547;550;553;551;554;557;558;556;555;552;549;548;543;544;545;559;601;560;546;562;561;563;565;564;573;205;
Melhor Alcançado;336158.000000; Geração;4
Qtde de Entradas Recursivas;0; Qtde Execuções Recursivas;0; Qtde Execuções das Combinações;0



