Instância;./files/gr666.xml
Execução;24 / 25
Tamanho da Populaçap;200
Máximo de gerações;300
Mutação;6
Cruzamento;0
% Manpulação;30
% Mutação;2
Print Parcial;1
Ativa Recursivo;0
Percentual de Redução;78
Profundidade Máxima;100
Percentual de Eltismo;70
Seleção para Cruzamento;0
Forma de Seleção par Mutação;1

Geração 1 / 300:;Profundidade;0;Melhor;407585.000000;Pior;4798167.000000;Media;4352604.980000;Tempo;3546.000000
Geração 2 / 300:;Profundidade;0;Melhor;358876.000000;Pior;5131903.000000;Media;4243593.465000;Tempo;7051.000000
Geração 3 / 300:;Profundidade;0;Melhor;345744.000000;Pior;5084422.000000;Media;4127528.235000;Tempo;10541.000000
Geração 4 / 300:;Profundidade;0;Melhor;341096.000000;Pior;4827288.000000;Media;3970753.155000;Tempo;14051.000000
Geração 5 / 300:;Profundidade;0;Melhor;339761.000000;Pior;4765332.000000;Media;3805359.160000;Tempo;17536.000000
Temmpo de execução;17536.000000
melhor;339761.000000
Individuo;0;309;308;17;16;45;15;14;13;12;46;47;48;42;43;41;37;36;38;39;32;33;34;35;40;44;49;50;51;72;73;75;74;76;77;78;79;80;81;82;87;86;88;89;90;91;93;95;92;70;71;69;68;67;66;65;64;63;60;62;61;59;58;57;56;55;54;53;52;28;27;25;23;20;21;22;24;26;31;30;29;10;8;9;11;6;7;19;18;5;4;3;2;1;478;479;480;477;481;619;485;483;482;484;623;624;625;626;628;627;629;630;631;633;632;622;621;620;618;617;613;615;616;614;612;603;602;604;605;609;610;611;634;599;600;608;598;607;570;569;568;606;563;564;565;566;567;573;572;571;587;588;589;586;590;592;591;594;595;596;597;635;636;638;637;657;658;659;660;661;663;662;653;652;654;655;656;646;645;644;651;650;649;648;665;643;642;641;640;647;639;585;584;583;582;581;580;579;578;576;575;577;574;558;557;556;555;554;553;551;548;552;549;546;562;561;601;560;559;544;545;543;542;540;539;541;547;550;538;537;536;534;533;532;531;530;535;529;528;527;471;470;472;469;473;468;465;466;467;475;476;474;464;463;436;310;311;312;313;315;314;323;324;322;320;319;316;318;317;300;301;307;299;298;296;297;295;294;293;290;292;291;305;306;304;303;302;284;285;287;288;289;286;267;268;269;351;273;271;272;356;357;353;352;354;355;358;400;401;349;350;348;347;334;333;346;345;332;344;342;343;341;340;339;338;337;336;274;275;277;276;278;279;280;282;281;283;328;329;330;326;325;321;327;331;389;335;392;396;397;402;403;368;404;406;409;410;422;408;419;418;374;417;369;367;366;359;365;364;363;362;270;361;360;261;260;262;370;371;372;373;376;377;258;375;257;256;255;252;244;254;245;243;242;250;251;147;146;144;142;141;143;145;238;237;241;239;240;246;247;248;253;259;266;265;264;263;249;236;235;234;140;139;166;138;168;167;169;173;174;171;172;175;176;177;178;179;186;180;182;181;170;148;149;379;150;151;152;388;386;385;387;384;383;382;381;380;378;420;421;423;425;424;426;431;430;432;433;153;434;487;486;428;429;427;415;414;413;411;407;405;398;444;399;395;394;393;391;390;441;443;442;440;439;438;437;448;449;461;462;450;457;456;455;453;452;451;447;445;412;446;416;454;488;490;489;493;435;155;154;157;156;501;500;498;499;497;496;495;494;492;491;518;516;517;522;519;459;458;460;520;521;524;515;523;514;525;526;509;510;512;511;513;508;505;507;165;164;506;163;504;503;502;158;159;160;161;162;184;185;183;187;188;192;189;190;191;195;193;194;206;207;196;197;198;199;200;201;204;203;205;202;233;232;231;230;229;214;213;210;209;208;212;211;222;221;223;215;225;224;226;227;228;220;218;219;216;217;123;124;122;121;119;120;118;117;125;126;127;128;129;130;131;132;133;134;135;84;83;85;136;137;96;94;97;98;100;99;101;103;102;104;116;115;105;106;114;113;112;111;110;109;108;107;664;593;
Melhor Alcançado;339761.000000; Geração;5
Qtde de Entradas Recursivas;0; Qtde Execuções Recursivas;0; Qtde Execuções das Combinações;0



