Instância;./files/gr666.xml
Execução;23 / 25
Tamanho da Populaçap;200
Máximo de gerações;300
Mutação;6
Cruzamento;3
% Manpulação;30
% Mutação;2
Print Parcial;1
Ativa Recursivo;0
Percentual de Redução;78
Profundidade Máxima;100
Percentual de Eltismo;70
Seleção para Cruzamento;0
Forma de Seleção par Mutação;1

Geração 1 / 300:;Profundidade;0;Melhor;407785.000000;Pior;4797956.000000;Media;4370911.255000;Tempo;3480.000000
Geração 2 / 300:;Profundidade;0;Melhor;354022.000000;Pior;4843417.000000;Media;4297172.250000;Tempo;6902.000000
Geração 3 / 300:;Profundidade;0;Melhor;336808.000000;Pior;4725422.000000;Media;4233069.045000;Tempo;10285.000000
Geração 4 / 300:;Profundidade;0;Melhor;333822.000000;Pior;4767869.000000;Media;4152131.335000;Tempo;13696.000000
Geração 5 / 300:;Profundidade;0;Melhor;332550.000000;Pior;4823184.000000;Media;4042078.230000;Tempo;17119.000000
Temmpo de execução;17119.000000
melhor;332550.000000
Individuo;0;309;308;307;301;300;299;283;282;281;280;279;341;342;343;332;328;329;333;330;326;325;321;327;331;389;335;334;347;348;349;350;401;400;358;359;366;367;369;419;417;418;374;373;378;377;376;372;365;364;363;362;361;360;270;262;260;261;259;266;264;267;268;269;273;351;271;272;356;357;353;352;354;355;346;345;344;340;339;338;337;336;274;278;275;277;276;286;289;285;288;287;290;291;293;292;294;295;296;298;297;306;305;304;303;302;284;263;265;248;253;254;252;245;246;247;236;249;235;238;237;241;240;239;145;141;142;143;144;146;147;242;243;250;251;244;255;257;256;370;371;375;258;380;381;382;383;384;385;386;388;387;150;379;149;151;152;148;170;181;182;171;172;173;174;175;176;177;178;179;180;186;188;192;190;189;187;183;184;185;191;195;196;193;194;206;207;216;217;218;219;220;228;227;226;225;215;224;223;222;221;211;212;210;209;208;198;199;197;200;201;203;205;204;213;214;229;230;232;231;233;202;165;164;160;161;162;158;502;504;503;159;163;506;505;507;508;513;512;511;510;509;526;525;524;514;515;523;522;517;516;518;519;458;459;491;492;494;495;496;498;501;155;154;157;156;500;499;497;435;493;490;489;488;486;487;434;153;432;433;431;427;426;424;430;425;423;420;421;422;410;409;408;406;405;444;407;411;413;414;415;416;429;428;412;446;454;453;452;451;449;450;448;447;438;439;315;314;313;312;437;436;310;311;316;317;318;319;320;322;323;324;440;441;390;391;392;396;403;368;404;402;397;398;393;394;399;395;442;443;445;455;456;457;460;520;521;527;471;472;530;528;529;535;536;538;537;541;534;532;533;531;539;540;542;543;548;547;550;553;554;557;556;558;555;551;552;549;546;544;545;559;560;601;561;562;563;565;564;573;572;571;574;575;577;578;576;587;579;580;581;582;583;584;586;588;589;590;585;639;640;647;641;642;643;644;645;646;638;637;656;657;658;635;636;593;592;591;594;595;596;597;599;600;634;608;598;607;570;569;568;567;566;606;605;604;602;603;614;612;609;610;611;613;617;615;616;475;476;474;467;473;469;468;466;465;462;461;463;464;477;482;483;481;485;619;618;620;621;622;632;633;631;630;627;629;628;626;625;624;623;484;479;480;478;1;3;2;4;5;18;19;7;6;9;11;10;8;24;20;21;22;23;25;52;28;27;26;33;34;35;40;72;73;50;51;49;44;39;38;32;31;30;29;36;37;43;41;42;48;47;46;12;13;15;14;45;16;17;234;140;139;166;167;168;169;138;133;135;134;132;131;130;129;128;127;126;125;121;124;123;122;119;118;120;117;116;104;105;106;115;114;113;112;111;110;109;108;107;665;648;649;650;651;655;654;652;653;659;660;662;661;663;664;92;95;94;93;96;97;98;99;100;101;102;103;137;136;84;83;85;81;79;80;78;77;76;74;75;88;87;82;86;90;89;91;71;70;69;66;67;68;65;64;63;60;62;61;59;58;57;56;55;54;53;470;
Melhor Alcançado;332550.000000; Geração;5
Qtde de Entradas Recursivas;0; Qtde Execuções Recursivas;0; Qtde Execuções das Combinações;0



