Instância;./files/gr666.xml
Execução;22 / 25
Tamanho da Populaçap;200
Máximo de gerações;300
Mutação;6
Cruzamento;3
% Manpulação;30
% Mutação;2
Print Parcial;1
Ativa Recursivo;0
Percentual de Redução;78
Profundidade Máxima;100
Percentual de Eltismo;70
Seleção para Cruzamento;0
Forma de Seleção par Mutação;1

Geração 1 / 300:;Profundidade;0;Melhor;409513.000000;Pior;4726653.000000;Media;4380617.965000;Tempo;3474.000000
Geração 2 / 300:;Profundidade;0;Melhor;361625.000000;Pior;4822847.000000;Media;4290277.875000;Tempo;6890.000000
Geração 3 / 300:;Profundidade;0;Melhor;344045.000000;Pior;4772850.000000;Media;4195133.090000;Tempo;10325.000000
Geração 4 / 300:;Profundidade;0;Melhor;337219.000000;Pior;4896416.000000;Media;4089780.130000;Tempo;13760.000000
Geração 5 / 300:;Profundidade;0;Melhor;335518.000000;Pior;4853411.000000;Media;4027536.420000;Tempo;17166.000000
Temmpo de execução;17166.000000
melhor;335518.000000
Individuo;0;464;463;437;436;311;310;312;313;315;314;323;324;322;320;319;316;317;318;325;326;321;327;331;330;329;333;328;283;282;281;280;275;276;277;278;279;274;336;339;337;338;340;341;343;342;344;332;345;352;354;355;358;359;365;366;367;400;401;350;349;348;347;346;334;335;389;392;391;390;441;395;443;442;440;439;438;447;448;461;462;449;450;451;452;453;455;456;457;460;458;459;491;492;494;518;519;520;521;522;517;516;515;523;514;524;525;526;528;527;529;535;538;537;536;541;542;547;550;553;554;556;557;558;555;551;548;552;549;562;546;561;560;601;559;544;545;543;540;539;532;533;534;531;530;472;471;470;469;473;468;465;466;467;475;476;474;477;480;479;482;483;481;619;485;484;623;624;625;626;628;629;630;627;631;633;632;622;621;620;618;617;616;615;613;611;610;609;612;614;603;602;604;605;606;568;566;567;565;563;564;573;572;571;570;569;607;598;599;608;600;634;635;658;657;656;637;638;646;636;593;592;591;594;595;597;596;588;587;576;575;574;577;578;579;580;581;582;583;584;586;589;590;585;639;647;640;641;642;643;644;645;655;653;652;654;651;649;650;648;665;107;108;217;129;130;131;133;134;135;132;138;166;167;168;169;175;173;174;172;171;170;148;182;181;177;176;178;179;180;186;188;192;216;220;219;218;207;206;193;194;196;209;208;210;213;214;212;211;222;223;221;224;228;227;226;225;215;229;230;232;231;233;202;205;204;203;201;200;198;199;197;195;191;190;189;187;183;184;185;162;161;160;163;164;165;506;505;507;508;509;510;511;512;513;502;504;159;503;158;156;157;154;155;498;500;501;499;497;496;495;435;493;489;490;488;486;487;429;428;416;454;446;445;412;411;413;414;415;427;431;426;424;425;430;432;433;434;153;152;388;386;387;385;381;382;383;384;423;420;421;422;410;409;408;406;405;407;444;399;394;393;398;397;402;396;403;404;368;369;419;417;418;374;373;376;377;378;380;258;379;150;151;149;147;146;250;251;243;242;239;240;241;237;238;145;144;143;142;141;139;140;234;235;236;249;247;248;246;245;254;252;244;255;256;257;375;370;371;372;364;363;362;361;360;262;261;260;270;271;272;357;353;356;351;273;269;268;266;259;253;265;264;263;284;288;287;285;267;286;289;290;293;294;295;292;291;304;303;302;306;305;297;296;298;299;300;301;307;308;309;11;9;10;8;24;26;31;30;29;36;37;41;12;13;14;15;17;16;45;46;48;47;42;43;38;32;33;34;35;40;39;44;49;50;72;73;51;74;75;76;77;78;79;80;84;83;85;81;86;82;87;88;71;89;90;91;94;95;93;96;136;137;103;102;117;125;126;127;128;123;124;122;121;120;119;118;110;112;111;113;114;106;105;115;116;104;101;100;99;98;97;92;70;69;67;66;68;65;64;63;62;60;55;58;59;61;57;56;54;53;52;28;27;25;23;22;21;20;5;18;19;7;6;4;3;2;1;478;659;660;662;661;663;664;109;
Melhor Alcançado;335518.000000; Geração;5
Qtde de Entradas Recursivas;0; Qtde Execuções Recursivas;0; Qtde Execuções das Combinações;0



