Instância;./files/gr666.xml
Execução;6 / 25
Tamanho da Populaçap;200
Máximo de gerações;300
Mutação;6
Cruzamento;2
% Manpulação;30
% Mutação;2
Print Parcial;1
Ativa Recursivo;0
Percentual de Redução;78
Profundidade Máxima;100
Percentual de Eltismo;70
Seleção para Cruzamento;0
Forma de Seleção par Mutação;1

Geração 1 / 300:;Profundidade;0;Melhor;410679.000000;Pior;4693449.000000;Media;4350791.415000;Tempo;3516.000000
Geração 2 / 300:;Profundidade;0;Melhor;359466.000000;Pior;4656445.000000;Media;4258118.605000;Tempo;6985.000000
Geração 3 / 300:;Profundidade;0;Melhor;339248.000000;Pior;4587432.000000;Media;4101016.025000;Tempo;10452.000000
Geração 4 / 300:;Profundidade;0;Melhor;331345.000000;Pior;4600201.000000;Media;3992882.480000;Tempo;13915.000000
Geração 5 / 300:;Profundidade;0;Melhor;329137.000000;Pior;4563547.000000;Media;3831900.680000;Tempo;17409.000000
Temmpo de execução;17409.000000
melhor;329137.000000
Individuo;0;309;308;307;301;300;318;317;316;319;320;325;326;321;327;330;329;331;389;335;350;349;348;347;334;346;345;333;328;283;281;282;280;279;278;277;276;275;274;336;339;341;343;342;332;344;340;338;337;352;354;355;359;358;400;401;396;393;392;391;390;441;324;322;323;314;313;315;439;440;442;443;395;394;399;444;445;412;446;454;453;452;451;448;447;438;312;436;310;311;437;463;464;477;481;619;485;483;482;484;623;624;625;626;628;629;627;630;631;632;633;622;621;620;618;617;613;611;610;608;600;599;634;635;658;657;656;655;654;653;652;651;648;649;650;665;217;216;188;192;193;194;206;207;219;218;220;228;227;226;224;225;215;223;222;221;211;212;210;208;209;213;214;229;232;230;231;233;202;205;203;204;201;200;198;199;197;196;195;191;162;161;160;164;165;507;508;505;506;163;503;504;159;158;502;513;512;511;510;509;537;538;536;534;533;532;539;531;530;529;535;528;527;472;471;470;469;473;601;560;545;559;544;543;540;542;541;547;550;553;554;558;557;556;555;551;548;552;549;546;562;561;563;564;565;566;567;573;572;574;577;575;578;576;579;582;581;580;583;584;586;589;590;585;639;647;640;641;642;643;644;645;646;638;637;636;593;592;591;594;595;597;596;588;587;571;569;570;598;607;568;606;604;605;602;603;609;612;614;615;616;475;474;476;467;466;465;468;462;461;449;450;456;455;457;460;520;521;524;526;525;514;515;523;522;516;517;518;519;458;459;491;492;490;489;488;493;494;495;496;498;501;500;499;435;497;155;156;157;154;434;153;152;388;386;385;387;384;383;382;381;380;378;374;417;419;418;420;423;421;425;424;426;427;431;430;432;433;487;486;429;428;416;415;413;414;411;422;410;409;408;406;407;405;398;397;402;403;404;368;369;367;366;365;364;363;362;361;360;370;375;371;372;373;376;377;258;379;150;151;149;147;242;243;250;251;244;255;256;257;262;260;261;270;272;356;357;353;351;273;271;269;268;267;289;286;285;287;288;290;291;292;293;294;295;299;296;298;297;306;305;304;303;302;284;263;265;264;266;253;259;254;252;245;246;247;248;249;236;235;241;237;238;145;239;240;146;144;143;142;141;139;140;234;17;16;15;13;12;14;45;46;47;48;42;41;43;37;36;29;11;9;8;10;30;31;32;38;33;34;35;40;39;44;49;51;50;72;73;75;74;76;77;78;82;86;80;79;81;85;84;83;136;137;102;126;125;117;113;109;106;105;115;114;116;104;103;101;100;99;98;97;96;93;95;94;91;90;89;87;88;71;92;70;69;66;67;68;65;64;63;62;60;55;58;59;61;57;56;54;53;52;28;27;26;24;25;23;22;21;20;5;18;19;7;6;4;3;2;1;478;480;479;659;660;662;661;663;664;107;108;110;112;111;118;120;119;121;122;123;124;127;128;129;131;130;132;133;134;135;138;166;167;168;169;173;174;175;171;172;176;177;178;179;180;186;187;189;185;184;183;148;181;182;170;190;
Melhor Alcançado;329137.000000; Geração;5
Qtde de Entradas Recursivas;0; Qtde Execuções Recursivas;0; Qtde Execuções das Combinações;0



