Instância;files/gr666.xml
Execução;2 / 3
Tamanho da Populaçap;200
Máximo de gerações;300
Mutação;5
Cruzamento;0
% Manpulação;30
% Mutação;20
Print Parcial;1
Ativa Recursivo;0
Percentual de Redução;77
Profundidade Máxima;5
Percentual de Eltismo;70
Seleção para Cruzamento;0
Forma de Seleção par Mutação;1

Geração 1 / 300:;Profundidade;0;Melhor;4150259.000000;Pior;5043711.000000;Media;4419728.475000;Tempo;2576.000000
Geração 2 / 300:;Profundidade;0;Melhor;4110913.000000;Pior;4896821.000000;Media;4383004.660000;Tempo;5124.000000
Temmpo de execução;5124.000000
melhor;4110913.000000
Individuo;0;1;323;81;62;392;5;7;524;570;651;347;16;289;45;19;20;21;24;26;280;28;435;341;345;189;35;78;430;89;500;40;41;42;249;469;501;386;313;160;260;318;281;57;104;59;61;663;30;65;67;69;573;72;73;74;76;397;36;11;448;423;516;86;87;371;245;275;366;328;282;94;95;406;97;350;99;12;197;408;190;105;106;108;109;23;137;117;140;114;450;227;357;121;122;276;126;288;326;129;130;132;169;188;90;211;657;579;655;647;84;266;623;551;10;644;643;300;641;640;639;638;569;247;635;634;456;237;541;310;53;577;625;27;631;412;618;553;616;564;613;612;147;610;609;608;607;605;604;602;601;600;63;598;213;424;593;592;591;590;176;165;587;256;70;584;538;144;68;642;626;576;51;599;195;572;571;586;589;242;566;116;563;526;562;561;440;559;558;557;252;161;358;433;179;205;183;547;546;545;544;533;13;267;71;539;196;588;619;628;534;543;146;531;530;175;528;202;529;525;107;523;520;521;296;630;518;182;606;254;514;513;512;511;293;509;9;447;506;96;125;193;502;102;413;444;83;497;31;239;494;493;348;49;489;255;487;486;158;316;484;482;481;480;22;274;268;476;475;418;25;648;2;474;473;472;471;470;18;279;467;221;542;356;463;462;461;298;459;133;468;235;434;454;115;138;451;92;103;200;446;414;123;295;394;33;85;438;437;436;64;654;432;428;583;352;207;427;483;425;110;135;422;420;342;220;113;223;168;411;410;238;50;219;170;405;404;47;402;187;400;398;419;396;395;442;393;349;391;390;389;555;66;385;167;383;382;381;287;379;597;378;375;273;373;565;664;370;369;614;101;91;365;515;363;362;361;302;294;178;120;359;262;277;353;429;354;259;466;210;346;34;344;322;48;32;337;338;233;297;335;334;333;88;55;517;264;100;649;93;449;343;320;319;331;650;330;153;314;43;162;311;240;307;306;550;304;154;403;536;56;443;198;445;291;285;79;622;286;283;355;38;367;278;248;128;218;272;399;270;269;439;229;265;364;263;503;261;415;258;142;253;250;301;241;460;194;243;594;246;308;409;290;75;251;633;230;134;548;421;226;225;224;143;222;6;417;464;552;216;215;214;416;360;209;312;431;206;376;368;377;201;199;374;58;340;401;317;185;184;535;181;180;192;177;560;174;173;172;388;150;46;384;492;156;164;453;152;321;155;303;203;351;151;458;149;148;124;617;145;119;60;299;141;44;159;578;656;585;118;77;112;510;426;54;217;596;315;407;574;603;455;98;611;615;491;540;441;236;212;549;624;139;627;37;505;629;39;632;232;496;527;636;637;457;309;336;127;257;387;490;325;15;620;339;652;653;372;465;8;658;659;660;646;3;662;4;14;519;580;52;661;82;498;581;17;136;575;329;568;452;171;567;522;80;621;131;231;556;292;554;208;478;305;228;234;532;186;157;271;537;645;29;284;507;380;324;595;665;204;327;244;479;163;508;332;485;111;504;582;166;495;499;488;191;477;
Melhor Alcançado;1000000.000000; Geração;149107912
Qtde de Entradas Recursivas;0; Qtde Execuções Recursivas;0; Qtde Execuções das Combinações;0



