Instância;./files/gr666.xml
Execução;11 / 25
Tamanho da Populaçap;200
Máximo de gerações;300
Mutação;6
Cruzamento;0
% Manpulação;30
% Mutação;2
Print Parcial;1
Ativa Recursivo;0
Percentual de Redução;78
Profundidade Máxima;100
Percentual de Eltismo;70
Seleção para Cruzamento;0
Forma de Seleção par Mutação;1

Geração 1 / 300:;Profundidade;0;Melhor;401004.000000;Pior;4756569.000000;Media;4334889.110000;Tempo;3536.000000
Geração 2 / 300:;Profundidade;0;Melhor;343803.000000;Pior;4870557.000000;Media;4207643.110000;Tempo;7039.000000
Geração 3 / 300:;Profundidade;0;Melhor;326966.000000;Pior;4971950.000000;Media;4108186.495000;Tempo;10531.000000
Geração 4 / 300:;Profundidade;0;Melhor;318764.000000;Pior;4953749.000000;Media;3994510.000000;Tempo;14023.000000
Geração 5 / 300:;Profundidade;0;Melhor;315639.000000;Pior;4788725.000000;Media;3845430.060000;Tempo;17455.000000
Temmpo de execução;17455.000000
melhor;315639.000000
Individuo;0;309;308;17;16;45;15;14;13;46;47;48;42;12;41;37;36;43;39;38;32;31;30;29;10;11;8;9;6;7;19;18;5;4;1;3;2;478;480;479;484;623;624;625;626;628;627;629;630;631;633;632;622;621;620;485;619;618;617;613;616;615;614;602;603;612;609;610;611;634;635;658;657;656;637;638;636;646;647;640;641;642;645;644;643;648;649;650;651;655;654;652;653;660;659;662;661;663;664;92;95;94;93;91;89;90;87;88;71;70;69;68;67;66;65;64;63;62;61;60;59;58;57;56;55;35;54;53;52;28;25;23;22;20;21;24;27;26;33;34;40;44;49;50;51;72;73;74;75;76;77;78;82;86;81;80;79;85;84;83;135;134;132;130;131;129;133;136;137;96;97;98;99;100;101;102;103;104;116;117;125;126;127;128;124;122;123;121;120;119;118;111;112;110;109;113;114;115;105;106;107;108;665;217;216;218;220;219;228;227;224;226;225;215;223;222;221;211;212;210;208;209;213;214;229;230;232;231;233;202;201;203;205;204;200;199;198;197;196;207;206;194;193;195;191;190;189;192;188;187;186;180;179;178;177;176;181;182;183;184;185;162;161;160;158;502;503;504;159;163;164;165;506;505;507;508;513;512;511;510;509;526;527;528;529;535;536;538;537;541;542;547;550;553;554;556;555;557;558;577;574;575;576;578;579;580;581;582;584;583;586;587;588;589;590;585;639;593;592;591;594;596;595;597;599;600;608;598;607;605;604;606;566;567;568;569;570;571;572;573;564;565;563;562;561;601;560;559;545;544;546;549;552;551;548;543;540;539;532;533;534;531;530;472;471;470;469;473;468;465;466;467;474;475;476;481;483;482;477;464;463;437;436;310;311;312;313;314;315;439;438;440;324;322;323;320;319;316;317;318;300;301;307;299;298;296;297;305;306;304;303;302;284;263;264;265;253;259;266;285;287;288;290;292;291;295;294;293;289;286;267;268;269;276;277;275;278;280;282;281;279;274;336;337;338;339;340;342;341;343;344;332;283;328;333;329;330;326;325;321;327;331;389;335;334;345;346;347;348;350;349;400;401;396;392;391;390;441;442;443;395;394;393;399;444;445;447;448;461;462;450;456;455;457;460;520;521;524;525;523;514;515;522;517;516;518;519;458;459;491;492;494;495;496;497;499;498;501;500;156;157;154;155;435;493;490;489;488;486;429;428;416;427;426;431;424;425;430;432;433;487;434;153;148;170;171;172;175;174;173;169;168;138;167;166;139;140;234;249;236;235;143;142;141;144;145;238;237;241;239;240;146;242;243;246;247;248;245;254;252;244;250;251;147;149;379;150;151;152;388;387;386;385;384;382;383;381;380;258;255;256;257;370;375;371;364;363;362;361;360;260;262;261;270;271;273;351;272;356;357;353;352;354;355;358;359;365;366;367;369;419;418;417;374;373;372;376;377;378;420;421;423;422;410;409;408;406;368;404;403;402;397;398;405;407;411;413;415;414;412;446;454;453;452;451;449;
Melhor Alcançado;315639.000000; Geração;5
Qtde de Entradas Recursivas;0; Qtde Execuções Recursivas;0; Qtde Execuções das Combinações;0



