Instância;./files/gr666.xml
Execução;15 / 25
Tamanho da Populaçap;200
Máximo de gerações;300
Mutação;6
Cruzamento;2
% Manpulação;30
% Mutação;2
Print Parcial;1
Ativa Recursivo;0
Percentual de Redução;78
Profundidade Máxima;100
Percentual de Eltismo;70
Seleção para Cruzamento;0
Forma de Seleção par Mutação;1

Geração 1 / 300:;Profundidade;0;Melhor;405373.000000;Pior;4717753.000000;Media;4353217.105000;Tempo;3503.000000
Geração 2 / 300:;Profundidade;0;Melhor;348510.000000;Pior;4717940.000000;Media;4249081.580000;Tempo;6946.000000
Geração 3 / 300:;Profundidade;0;Melhor;332324.000000;Pior;4732531.000000;Media;4105170.860000;Tempo;10376.000000
Geração 4 / 300:;Profundidade;0;Melhor;326703.000000;Pior;4627679.000000;Media;3947057.990000;Tempo;13778.000000
Geração 5 / 300:;Profundidade;0;Melhor;325229.000000;Pior;4623547.000000;Media;3731353.910000;Tempo;17214.000000
Temmpo de execução;17214.000000
melhor;325229.000000
Individuo;0;309;308;307;301;300;299;298;297;296;295;305;306;303;302;304;291;292;293;294;290;289;286;267;285;288;287;284;263;265;264;266;259;254;253;248;245;252;244;251;250;243;242;147;149;150;151;152;153;388;386;385;387;381;380;379;258;375;257;256;255;370;371;372;378;377;376;373;374;417;418;419;369;368;367;400;401;403;404;406;409;410;422;408;421;423;420;382;383;384;425;424;431;427;426;430;432;434;433;487;486;429;428;416;415;414;413;411;407;405;398;402;397;393;394;395;399;444;412;446;445;443;442;440;439;315;314;313;312;438;447;450;448;449;461;462;465;468;469;470;471;472;531;530;528;527;524;525;514;515;523;516;522;521;520;460;457;456;451;455;452;453;454;488;493;489;490;491;459;458;519;517;518;492;494;495;496;435;497;499;500;501;498;155;154;157;156;158;159;504;503;502;513;512;511;510;509;526;529;535;538;537;536;534;533;532;539;540;542;541;547;550;553;554;557;558;556;555;551;548;552;549;546;543;544;545;559;601;560;561;562;563;565;564;573;572;571;569;570;567;566;568;606;605;604;602;603;609;612;614;616;615;617;613;610;611;621;620;618;485;619;481;483;482;484;623;625;624;626;627;628;629;630;631;622;632;633;634;600;599;608;607;598;597;595;596;594;591;589;588;587;576;575;574;577;578;579;580;581;582;583;584;586;590;585;639;593;592;636;638;637;635;658;657;656;655;654;652;651;650;649;648;643;641;642;644;645;646;647;640;665;232;229;230;231;233;202;165;508;507;505;506;163;164;160;161;162;191;197;198;199;200;201;203;205;204;213;214;212;211;210;209;208;196;195;194;193;206;207;218;219;220;224;222;221;223;215;225;226;227;228;217;216;189;188;192;190;185;184;183;187;186;180;179;178;177;176;175;174;173;168;166;138;167;169;172;171;170;181;182;148;146;239;240;241;246;247;249;236;235;237;238;145;144;143;142;141;139;140;234;17;16;45;48;47;46;14;15;13;12;41;42;43;44;49;40;39;38;37;36;30;29;10;11;9;8;6;7;19;5;18;24;21;20;22;23;25;52;28;27;26;31;32;33;34;35;54;53;57;56;55;60;59;58;61;62;63;64;65;66;67;68;69;70;71;89;91;90;82;86;87;88;75;73;72;50;51;74;76;77;78;79;81;80;85;83;84;135;134;133;132;130;131;129;123;122;124;128;127;126;125;120;121;119;118;117;114;113;111;112;110;109;108;107;106;105;115;116;104;100;99;101;103;102;137;136;96;98;97;93;94;95;92;664;663;661;662;653;660;659;4;3;2;1;478;480;479;477;474;476;475;473;466;467;464;463;437;436;310;311;316;317;318;319;320;323;322;324;390;441;391;392;396;350;349;348;347;346;345;334;335;389;331;321;327;325;326;330;333;328;283;332;340;344;342;343;341;339;338;337;336;274;279;280;281;282;278;275;277;276;269;268;270;261;260;262;360;361;362;363;364;365;359;366;358;355;354;352;351;273;271;272;356;357;353;329;
Melhor Alcançado;325229.000000; Geração;5
Qtde de Entradas Recursivas;0; Qtde Execuções Recursivas;0; Qtde Execuções das Combinações;0



