Instância;files/gr666.xml
Execução;2 / 3
Tamanho da Populaçap;200
Máximo de gerações;300
Mutação;5
Cruzamento;12
% Manpulação;30
% Mutação;20
Print Parcial;1
Ativa Recursivo;0
Percentual de Redução;77
Profundidade Máxima;5
Percentual de Eltismo;70
Seleção para Cruzamento;0
Forma de Seleção par Mutação;1

Geração 1 / 300:;Profundidade;0;Melhor;4113876.000000;Pior;4669527.000000;Media;4415393.685000;Tempo;2277.000000
Geração 2 / 300:;Profundidade;0;Melhor;4076025.000000;Pior;4669527.000000;Media;4390789.600000;Tempo;4559.000000
Temmpo de execução;4559.000000
melhor;4076025.000000
Individuo;0;322;282;329;4;2;542;113;151;243;261;546;567;549;550;551;556;248;178;555;604;557;558;577;560;561;207;111;445;565;54;548;568;646;570;310;448;573;653;575;576;132;537;253;361;581;217;121;515;585;241;587;588;589;590;290;285;593;37;267;600;334;152;6;596;601;358;554;122;341;408;607;627;609;467;365;612;613;452;363;524;262;400;206;620;621;523;140;404;625;456;465;433;93;630;631;540;615;308;635;636;637;58;536;640;128;642;643;644;649;648;88;661;97;95;170;212;169;168;167;166;201;344;71;123;161;175;418;5;157;466;203;457;153;614;120;197;149;618;458;440;145;144;463;142;141;535;83;559;443;544;135;246;66;304;131;632;129;62;522;126;125;362;85;225;229;76;462;374;48;116;137;114;543;231;21;7;658;9;306;11;12;13;14;35;16;628;484;19;20;599;532;23;86;336;26;475;419;27;33;31;333;318;34;603;36;64;38;127;159;41;42;43;44;427;478;249;426;579;527;51;52;53;641;210;56;639;541;163;60;61;337;47;391;239;369;67;68;69;611;392;72;78;74;377;136;211;143;507;29;81;82;139;119;342;24;87;562;218;94;91;92;105;173;172;96;645;98;313;100;177;25;103;104;629;266;107;108;109;130;73;112;110;539;451;489;429;228;534;490;563;378;530;529;354;50;421;525;164;101;39;521;650;519;518;517;516;316;514;513;187;75;364;509;508;79;506;505;260;402;502;221;434;499;498;497;496;495;494;366;288;491;232;148;511;492;146;485;18;483;482;481;480;638;46;477;602;15;474;473;472;432;335;272;468;610;437;608;464;176;84;487;460;394;281;40;626;455;454;453;134;553;450;449;501;447;446;564;1;493;624;594;353;425;654;295;436;435;430;619;181;459;595;583;428;320;413;245;424;423;422;526;420;584;605;439;180;415;414;117;45;411;410;162;399;407;276;10;651;403;90;401;222;372;398;397;396;586;431;393;59;441;622;389;388;349;65;385;384;383;224;381;380;250;617;395;376;375;297;373;606;371;660;133;226;367;273;357;657;545;623;580;360;359;476;566;356;80;252;633;352;118;350;202;348;347;55;598;528;343;8;503;340;339;338;346;299;470;597;32;332;552;330;3;417;662;326;325;324;510;444;321;412;578;30;317;405;315;314;99;312;160;22;271;634;307;89;305;592;303;302;196;300;309;298;351;665;234;294;582;292;291;186;289;461;287;286;520;284;283;479;147;102;279;278;277;406;275;274;469;158;387;270;269;268;386;106;265;264;263;531;256;504;174;258;571;355;255;254;327;616;251;547;512;379;247;138;328;244;220;242;49;240;382;238;237;236;235;409;233;124;280;230;57;155;227;368;311;533;115;438;293;319;219;488;184;216;215;214;213;171;77;442;209;208;471;17;205;223;500;154;165;200;199;198;150;301;195;194;193;192;191;190;189;188;204;486;185;572;331;182;647;28;179;63;390;538;183;259;345;257;70;652;574;416;655;656;156;323;659;370;569;591;663;664;296;
Melhor Alcançado;1000000.000000; Geração;33
Qtde de Entradas Recursivas;0; Qtde Execuções Recursivas;0; Qtde Execuções das Combinações;0



