Instância;./files/gr666.xml
Execução;23 / 25
Tamanho da Populaçap;200
Máximo de gerações;300
Mutação;6
Cruzamento;2
% Manpulação;30
% Mutação;2
Print Parcial;1
Ativa Recursivo;0
Percentual de Redução;78
Profundidade Máxima;100
Percentual de Eltismo;70
Seleção para Cruzamento;0
Forma de Seleção par Mutação;1

Geração 1 / 300:;Profundidade;0;Melhor;412504.000000;Pior;4750770.000000;Media;4352041.590000;Tempo;3487.000000
Geração 2 / 300:;Profundidade;0;Melhor;355544.000000;Pior;4661876.000000;Media;4258696.830000;Tempo;6940.000000
Geração 3 / 300:;Profundidade;0;Melhor;342430.000000;Pior;4550227.000000;Media;4116330.520000;Tempo;10372.000000
Geração 4 / 300:;Profundidade;0;Melhor;338394.000000;Pior;4617530.000000;Media;3994268.075000;Tempo;13806.000000
Geração 5 / 300:;Profundidade;0;Melhor;335636.000000;Pior;4534898.000000;Media;3828170.965000;Tempo;17246.000000
Temmpo de execução;17246.000000
melhor;335636.000000
Individuo;0;309;308;307;301;300;298;296;297;305;306;304;302;303;284;263;264;265;267;289;286;285;288;287;290;291;292;293;294;295;299;318;317;316;319;320;321;327;325;326;330;329;331;389;335;334;333;328;283;282;281;280;279;275;278;277;276;269;268;266;259;253;248;245;246;247;249;236;235;234;140;139;141;142;143;144;145;238;237;239;241;240;146;148;182;181;170;172;171;166;138;167;168;169;173;174;175;176;177;179;180;186;178;216;217;129;131;130;132;134;133;135;83;84;85;81;80;79;78;77;76;74;75;88;87;86;82;90;91;89;71;70;69;92;94;93;95;96;97;98;99;100;101;137;136;126;102;103;104;116;117;125;127;128;123;122;124;121;120;119;118;111;112;110;109;113;114;115;105;106;107;108;665;664;663;661;662;652;653;654;655;651;650;648;649;643;641;642;644;645;646;656;637;638;636;593;639;647;640;585;592;591;594;595;596;597;598;607;609;612;614;615;616;617;613;611;610;608;600;599;634;635;658;657;660;659;21;20;22;23;25;24;26;27;28;52;53;56;57;55;60;59;58;61;62;63;66;67;68;65;64;72;50;73;51;49;44;39;40;35;34;33;32;31;38;37;43;12;13;14;15;16;17;45;46;47;48;42;41;36;29;30;10;8;9;11;6;7;19;5;18;4;2;3;1;478;479;480;477;483;482;484;623;624;625;626;628;629;630;627;631;633;632;622;621;620;618;485;619;481;476;475;474;467;466;465;468;469;473;602;604;603;605;606;568;566;565;567;569;570;572;571;587;588;589;586;590;584;583;582;581;580;579;576;575;578;577;574;573;564;563;562;561;601;560;559;544;545;546;549;552;548;551;555;558;557;556;554;553;550;547;541;542;540;543;539;533;532;531;530;534;536;537;538;535;529;528;526;527;471;472;470;462;461;464;463;437;312;436;310;311;313;314;323;322;324;441;390;391;392;396;403;404;368;369;367;366;365;359;358;355;400;401;350;349;348;347;346;345;332;344;343;342;341;340;339;338;337;336;274;273;271;351;356;357;354;352;353;272;364;363;362;270;361;360;262;261;260;254;252;244;251;243;242;250;147;149;150;151;152;388;386;385;387;379;258;257;256;255;370;375;371;372;376;377;378;380;381;382;383;384;425;430;432;431;424;426;427;429;486;488;487;433;434;153;154;157;156;158;503;502;504;159;160;161;162;185;184;183;187;192;188;189;190;191;195;194;193;206;207;218;219;220;228;227;226;225;215;224;223;222;221;211;212;210;209;208;196;197;198;199;200;201;203;204;205;213;214;229;230;231;232;233;202;164;165;163;506;505;507;508;509;510;511;512;513;514;523;515;525;524;521;520;522;516;517;518;492;494;495;496;497;499;500;498;501;155;435;493;489;490;491;459;519;458;460;457;456;450;449;448;447;438;315;439;440;442;443;445;453;452;451;455;454;446;412;416;428;415;414;413;411;407;405;444;399;395;394;393;397;398;402;406;408;409;410;422;421;423;420;419;417;418;374;373;54;
Melhor Alcançado;335636.000000; Geração;5
Qtde de Entradas Recursivas;0; Qtde Execuções Recursivas;0; Qtde Execuções das Combinações;0



