Instância;./files/gr666.xml
Execução;7 / 25
Tamanho da Populaçap;200
Máximo de gerações;300
Mutação;6
Cruzamento;4
% Manpulação;30
% Mutação;2
Print Parcial;1
Ativa Recursivo;0
Percentual de Redução;78
Profundidade Máxima;100
Percentual de Eltismo;70
Seleção para Cruzamento;0
Forma de Seleção par Mutação;1

Geração 1 / 300:;Profundidade;0;Melhor;409009.000000;Pior;4664310.000000;Media;4346647.195000;Tempo;3507.000000
Geração 2 / 300:;Profundidade;0;Melhor;352020.000000;Pior;4666756.000000;Media;4231763.530000;Tempo;6961.000000
Geração 3 / 300:;Profundidade;0;Melhor;335660.000000;Pior;4641176.000000;Media;4125678.810000;Tempo;10347.000000
Geração 4 / 300:;Profundidade;0;Melhor;330198.000000;Pior;4539481.000000;Media;3969094.015000;Tempo;13774.000000
Geração 5 / 300:;Profundidade;0;Melhor;327878.000000;Pior;4567563.000000;Media;3845138.940000;Tempo;17152.000000
Temmpo de execução;17152.000000
melhor;327878.000000
Individuo;0;309;11;10;8;9;6;7;19;18;5;4;2;3;1;478;480;479;477;481;476;475;474;467;466;465;468;469;473;470;471;472;530;531;532;533;534;539;540;542;541;547;550;553;555;556;558;557;554;551;548;552;549;546;545;544;543;559;560;601;561;562;563;565;564;573;577;574;575;576;578;579;581;580;582;583;584;590;586;589;588;587;571;572;570;569;568;567;566;606;605;604;602;603;612;614;616;615;617;620;621;613;618;619;485;483;482;484;623;624;625;626;628;629;630;627;631;622;632;633;634;611;610;609;598;607;608;600;599;597;596;595;594;635;658;657;659;660;653;652;654;655;645;646;656;638;637;636;593;592;591;585;639;647;640;641;642;644;643;651;650;649;648;665;107;108;217;118;119;120;121;122;124;123;128;127;126;125;117;111;113;112;110;109;106;105;115;114;116;104;100;101;103;102;137;136;84;83;135;134;133;129;130;131;132;138;166;167;168;169;173;174;175;172;171;170;181;182;148;183;185;184;187;189;190;192;188;180;186;179;178;177;176;216;219;218;220;228;224;227;226;225;215;223;222;221;211;212;210;208;209;213;214;229;232;230;231;233;202;204;205;203;201;200;198;199;197;196;207;206;194;193;195;191;162;161;160;164;165;507;508;505;506;163;159;503;504;502;158;156;157;154;155;501;500;498;499;497;496;495;494;435;493;489;490;491;492;518;517;516;522;523;515;514;513;512;511;510;509;537;538;536;535;529;528;527;526;525;524;521;520;519;459;458;460;457;456;455;453;445;452;451;447;448;449;450;461;462;464;463;437;436;310;311;312;313;314;439;315;438;440;443;442;395;441;390;391;392;396;393;394;399;444;398;397;402;403;368;404;369;417;419;418;374;373;378;377;376;372;371;370;375;258;380;381;384;383;382;423;420;421;422;410;409;408;406;405;407;411;414;415;413;412;446;454;416;428;429;486;488;487;427;431;426;424;425;430;432;433;434;153;152;388;386;385;387;379;150;151;149;147;251;250;243;242;146;240;241;237;238;145;239;144;143;142;141;139;140;234;235;236;249;247;246;248;253;254;252;245;244;255;257;256;262;260;261;270;360;361;362;364;363;272;271;351;273;269;268;259;266;265;264;267;286;285;287;288;284;263;302;303;304;305;306;297;296;298;299;295;294;293;291;292;290;289;276;277;275;278;282;281;280;279;274;336;339;337;338;340;342;341;343;344;332;283;328;333;345;352;357;356;353;354;355;358;359;365;366;367;400;401;350;349;348;347;346;334;335;389;331;329;330;326;325;327;321;324;323;322;320;319;316;317;318;300;301;307;308;17;16;15;14;13;12;48;47;45;46;42;41;43;37;36;29;30;31;32;38;39;44;49;51;50;73;72;40;35;34;33;26;24;20;21;22;23;25;28;27;52;53;54;55;56;57;61;58;59;60;62;63;64;65;66;67;68;69;70;71;75;74;76;77;78;79;80;81;85;86;82;87;88;89;90;91;94;95;93;96;99;98;97;92;664;661;662;663;
Melhor Alcançado;327878.000000; Geração;5
Qtde de Entradas Recursivas;0; Qtde Execuções Recursivas;0; Qtde Execuções das Combinações;0



