Instância;files/gr666.xml
Execução;1 / 3
Tamanho da Populaçap;200
Máximo de gerações;300
Mutação;5
Cruzamento;2
% Manpulação;30
% Mutação;20
Print Parcial;1
Ativa Recursivo;0
Percentual de Redução;77
Profundidade Máxima;5
Percentual de Eltismo;70
Seleção para Cruzamento;0
Forma de Seleção par Mutação;1

Geração 1 / 300:;Profundidade;0;Melhor;4023977.000000;Pior;4717734.000000;Media;4424809.160000;Tempo;2694.000000
Geração 2 / 300:;Profundidade;0;Melhor;3986169.000000;Pior;4622961.000000;Media;4377236.490000;Tempo;5401.000000
Temmpo de execução;5401.000000
melhor;3986169.000000
Individuo;0;1;101;289;491;5;6;7;8;26;560;11;160;530;14;193;16;17;111;605;267;21;425;342;24;52;113;27;657;274;272;379;32;534;582;35;36;37;59;39;450;551;42;469;457;362;246;47;48;572;151;51;344;479;54;55;56;136;311;374;60;40;88;519;235;356;391;538;239;217;296;203;166;290;443;299;247;508;249;250;251;162;577;261;393;256;257;639;570;441;378;314;149;100;610;373;376;371;370;297;368;367;234;350;364;20;45;361;502;359;211;360;326;169;454;132;372;351;365;384;664;648;567;124;277;496;226;225;224;223;377;499;134;219;72;161;462;506;214;213;395;358;210;209;208;207;206;205;383;242;61;201;325;199;243;23;650;621;248;574;192;49;458;189;152;492;555;185;448;183;565;282;627;33;178;177;522;357;174;84;313;64;643;355;229;167;76;353;645;163;252;547;12;533;158;157;156;196;632;153;147;50;456;270;148;38;512;145;71;630;352;141;644;139;138;137;57;452;566;155;165;439;130;264;128;127;126;125;240;123;122;121;120;119;118;117;654;115;114;524;112;625;182;109;394;97;408;105;104;103;102;221;412;614;98;107;96;280;94;93;92;322;90;308;387;87;86;85;173;83;82;81;80;79;78;651;583;75;74;73;41;188;70;69;220;295;66;65;334;63;62;546;559;346;345;329;343;146;288;194;389;338;337;336;335;10;333;332;647;330;204;319;414;404;413;324;323;91;474;320;168;623;609;316;315;44;298;312;300;310;269;99;526;306;305;293;303;302;301;241;46;485;440;58;67;573;144;198;291;244;381;461;287;286;285;284;13;181;172;498;279;348;444;276;275;268;273;191;427;133;510;637;470;266;143;129;263;262;661;495;259;375;446;202;500;620;568;503;68;77;564;385;562;436;307;216;230;659;187;15;554;518;477;615;550;549;548;602;642;545;544;19;633;541;540;539;238;542;179;233;511;340;532;531;420;529;528;164;447;218;401;523;176;30;520;366;142;517;434;515;514;513;271;558;22;509;451;494;660;505;504;212;665;501;380;283;95;497;294;331;507;418;9;4;490;617;488;487;486;464;415;483;482;481;480;53;656;552;601;475;411;390;589;471;543;363;135;253;466;465;405;463;328;341;108;459;304;222;579;455;354;453;624;43;388;449;428;171;629;649;228;402;442;31;29;131;438;437;628;435;516;186;432;321;245;429;150;403;426;309;424;423;422;431;597;419;399;417;527;563;398;200;227;421;410;409;140;407;406;561;236;616;89;347;400;416;327;397;396;536;318;255;392;237;473;386;521;489;339;640;349;586;281;116;106;575;576;467;591;493;580;581;611;478;603;585;553;587;588;596;590;278;231;593;594;430;472;25;598;599;600;476;569;584;604;265;606;607;608;317;254;34;658;613;612;595;433;154;618;619;556;195;622;460;468;18;626;180;382;292;159;184;175;631;634;635;636;369;638;258;484;641;571;170;197;232;646;260;592;445;3;110;652;653;557;655;537;28;525;2;215;190;662;663;578;535;
Melhor Alcançado;1000000.000000; Geração;808598384
Qtde de Entradas Recursivas;0; Qtde Execuções Recursivas;0; Qtde Execuções das Combinações;0



