Instância;./files/gr666.xml
Execução;8 / 25
Tamanho da Populaçap;200
Máximo de gerações;300
Mutação;6
Cruzamento;2
% Manpulação;30
% Mutação;2
Print Parcial;1
Ativa Recursivo;0
Percentual de Redução;78
Profundidade Máxima;100
Percentual de Eltismo;70
Seleção para Cruzamento;0
Forma de Seleção par Mutação;1

Geração 1 / 300:;Profundidade;0;Melhor;395380.000000;Pior;4688193.000000;Media;4341311.040000;Tempo;3505.000000
Geração 2 / 300:;Profundidade;0;Melhor;340415.000000;Pior;4653788.000000;Media;4205990.270000;Tempo;6958.000000
Geração 3 / 300:;Profundidade;0;Melhor;328936.000000;Pior;4577499.000000;Media;4087654.175000;Tempo;10419.000000
Geração 4 / 300:;Profundidade;0;Melhor;326249.000000;Pior;4628874.000000;Media;3963564.670000;Tempo;13854.000000
Geração 5 / 300:;Profundidade;0;Melhor;324487.000000;Pior;4571781.000000;Media;3771904.410000;Tempo;17305.000000
Temmpo de execução;17305.000000
melhor;324487.000000
Individuo;0;309;11;10;8;9;6;7;19;5;18;4;3;2;1;478;479;480;477;464;463;462;461;449;450;448;447;437;438;315;439;440;442;443;395;441;390;391;393;394;399;398;397;402;396;392;389;335;334;348;347;346;349;350;401;400;366;367;403;406;404;368;369;419;417;418;374;373;378;377;376;372;371;370;262;360;361;362;363;364;365;359;358;355;354;352;345;333;331;321;327;325;326;330;329;328;283;332;343;340;342;344;341;339;338;337;336;274;279;282;281;280;278;277;275;276;269;268;273;351;356;353;357;272;271;270;261;260;255;256;257;375;258;380;381;387;388;386;385;382;383;384;430;432;433;431;427;426;424;425;423;420;421;422;408;409;410;413;411;407;405;444;446;454;488;490;489;493;435;494;495;497;496;499;498;500;501;155;154;157;156;158;160;161;162;184;185;183;148;170;182;181;171;172;166;138;167;168;169;173;174;175;176;178;177;179;180;186;187;189;192;188;190;195;191;197;200;199;198;196;193;194;206;207;216;217;218;219;220;228;227;226;225;215;224;222;223;221;211;212;210;208;209;213;214;229;232;230;231;233;202;204;205;203;201;164;165;505;507;508;506;163;159;504;502;503;513;512;511;510;509;537;538;536;534;535;529;528;527;526;525;514;523;515;524;521;460;520;519;522;516;517;518;492;491;459;458;457;456;455;453;452;451;445;412;414;415;416;428;429;486;487;434;153;152;151;150;379;149;147;146;240;239;241;237;238;145;144;143;142;141;139;140;234;235;236;249;247;246;245;243;242;250;251;244;252;254;248;253;259;266;264;265;263;284;288;285;267;286;289;290;287;302;303;304;306;305;291;293;294;292;295;296;297;298;299;300;318;319;320;322;324;323;314;313;312;436;310;311;316;317;301;307;308;17;16;15;13;14;45;46;47;48;42;12;41;43;37;36;30;29;31;32;38;39;44;49;40;35;34;33;26;24;20;21;22;23;25;28;27;52;53;54;56;57;61;59;58;55;60;62;63;66;67;69;70;68;65;64;72;50;51;73;74;75;76;77;78;82;87;88;71;91;89;90;86;81;79;80;85;84;83;135;134;133;132;130;131;129;124;123;122;119;118;120;121;128;127;126;136;137;102;101;100;99;98;97;96;95;94;93;92;664;106;105;115;114;116;104;103;125;117;113;111;112;110;109;108;107;665;648;649;650;651;655;654;652;653;662;661;663;660;659;658;657;656;637;635;634;611;622;632;633;631;629;630;627;626;628;621;620;618;617;615;616;613;612;610;609;603;602;605;604;606;568;598;607;608;600;599;597;596;594;595;588;587;586;589;591;592;593;636;638;646;645;644;642;643;641;640;647;639;585;590;584;583;582;581;580;579;576;575;578;577;574;572;571;570;569;566;567;573;564;565;563;562;561;546;560;601;559;545;544;549;552;548;551;555;558;557;556;554;553;550;547;541;542;543;540;539;532;533;531;530;472;471;470;473;469;468;465;466;467;475;474;476;481;619;485;483;482;484;623;624;625;614;
Melhor Alcançado;324487.000000; Geração;5
Qtde de Entradas Recursivas;0; Qtde Execuções Recursivas;0; Qtde Execuções das Combinações;0



