Instância;files/gr666.xml
Execução;3 / 3
Tamanho da Populaçap;200
Máximo de gerações;300
Mutação;5
Cruzamento;14
% Manpulação;30
% Mutação;20
Print Parcial;1
Ativa Recursivo;0
Percentual de Redução;77
Profundidade Máxima;5
Percentual de Eltismo;70
Seleção para Cruzamento;0
Forma de Seleção par Mutação;1

Geração 1 / 300:;Profundidade;0;Melhor;2665916.000000;Pior;4534381.000000;Media;3973568.970000;Tempo;2286.000000
Geração 2 / 300:;Profundidade;0;Melhor;1905455.000000;Pior;4441986.000000;Media;3413578.310000;Tempo;4560.000000
Temmpo de execução;4560.000000
melhor;1905455.000000
Individuo;0;1;2;44;115;136;128;129;113;109;191;253;259;254;252;374;292;496;497;524;488;527;526;386;385;384;261;288;289;262;263;352;267;268;269;363;362;270;266;520;452;453;454;487;536;537;412;390;283;281;280;330;419;366;355;376;375;326;325;315;398;397;415;414;429;428;427;451;313;340;341;342;343;349;365;277;282;361;360;359;358;357;356;336;337;404;304;147;146;331;392;251;154;514;493;518;517;516;533;535;534;614;602;608;591;607;606;434;433;432;431;528;230;503;472;467;475;474;395;418;260;501;523;164;499;150;151;152;153;382;381;380;379;237;243;244;245;378;377;323;324;456;457;320;306;143;142;141;140;139;264;265;439;440;350;444;445;364;399;327;214;213;212;211;198;199;200;201;519;322;321;460;459;442;443;402;403;368;369;370;371;335;344;332;333;334;389;391;441;298;420;319;318;317;393;396;367;500;354;353;290;187;486;351;346;347;279;541;615;601;544;543;531;532;509;510;511;155;156;157;158;163;162;159;177;490;489;492;491;224;223;222;122;99;98;97;96;95;94;93;92;91;78;67;68;69;90;65;66;27;9;8;7;6;88;16;17;257;256;284;285;286;287;31;30;29;34;33;56;57;58;59;73;25;24;22;23;485;338;316;461;463;3;83;123;124;125;206;207;208;209;210;411;405;413;305;138;387;512;513;507;173;190;189;185;186;241;272;273;329;275;293;188;504;505;506;575;574;621;620;572;600;599;597;596;619;618;617;616;294;339;238;145;424;425;426;498;538;539;468;246;149;234;417;202;203;573;552;562;515;410;421;170;169;148;328;11;12;13;168;167;176;132;84;85;86;121;217;258;373;372;242;494;423;247;248;495;522;521;197;296;55;53;14;15;308;307;302;303;178;179;219;196;195;194;193;192;111;112;103;135;216;131;130;89;50;51;568;579;555;556;557;20;35;54;660;470;550;233;232;231;561;560;559;471;553;547;548;633;632;631;630;629;628;239;240;221;175;348;469;558;542;578;577;565;566;567;549;529;530;408;409;180;181;182;183;77;76;72;75;38;39;40;49;82;81;80;100;101;32;28;481;482;483;466;465;450;166;42;41;19;18;309;581;582;583;584;229;228;110;60;297;276;345;642;643;640;641;654;638;637;636;635;592;593;594;595;569;484;651;650;649;648;647;546;545;161;204;205;458;571;570;590;605;604;603;5;4;626;634;473;400;401;236;235;26;118;117;116;119;311;645;646;658;657;639;174;171;656;653;652;502;525;554;249;36;144;661;104;220;447;598;438;114;102;126;184;388;437;436;137;87;416;160;448;449;586;564;46;47;435;21;62;61;664;655;644;133;134;10;218;278;165;314;250;74;37;64;43;63;394;299;106;105;301;271;623;622;479;480;295;585;477;478;70;665;79;108;107;613;612;611;610;455;430;422;464;551;227;226;52;48;45;625;627;540;462;127;120;576;624;255;383;508;406;407;300;172;274;312;662;663;588;587;609;589;659;71;310;225;215;476;580;291;563;446;
Melhor Alcançado;1000000.000000; Geração;0
Qtde de Entradas Recursivas;0; Qtde Execuções Recursivas;0; Qtde Execuções das Combinações;0



