Instância;./files/gr666.xml
Execução;21 / 25
Tamanho da Populaçap;200
Máximo de gerações;300
Mutação;6
Cruzamento;2
% Manpulação;30
% Mutação;2
Print Parcial;1
Ativa Recursivo;0
Percentual de Redução;78
Profundidade Máxima;100
Percentual de Eltismo;70
Seleção para Cruzamento;0
Forma de Seleção par Mutação;1

Geração 1 / 300:;Profundidade;0;Melhor;414100.000000;Pior;4759740.000000;Media;4344096.350000;Tempo;3513.000000
Geração 2 / 300:;Profundidade;0;Melhor;357615.000000;Pior;4724348.000000;Media;4214584.595000;Tempo;6959.000000
Geração 3 / 300:;Profundidade;0;Melhor;343208.000000;Pior;4656041.000000;Media;4123499.370000;Tempo;10305.000000
Geração 4 / 300:;Profundidade;0;Melhor;339562.000000;Pior;4683247.000000;Media;3971690.320000;Tempo;13760.000000
Geração 5 / 300:;Profundidade;0;Melhor;339120.000000;Pior;4544788.000000;Media;3760589.495000;Tempo;17189.000000
Temmpo de execução;17189.000000
melhor;339120.000000
Individuo;0;309;308;17;16;45;15;14;13;12;48;46;47;42;41;36;37;43;38;39;44;49;51;50;73;72;64;40;35;34;33;32;31;30;29;10;11;9;8;6;7;19;18;5;4;3;2;1;478;479;480;477;464;463;437;436;311;310;312;316;307;301;300;318;317;319;320;321;327;325;326;330;329;331;389;335;347;334;348;349;350;401;400;367;366;365;359;358;355;357;356;353;352;354;346;345;333;328;283;332;344;340;343;342;341;339;337;338;336;274;279;280;282;281;278;275;277;276;269;268;267;286;289;293;291;304;303;302;306;305;297;299;298;296;295;294;292;290;288;287;285;284;263;265;264;266;270;271;273;351;272;363;364;362;361;360;262;370;375;371;376;372;373;417;374;418;419;369;404;368;403;398;397;402;396;392;391;390;441;395;393;394;399;444;405;406;408;422;410;409;407;411;413;414;415;412;446;454;416;428;486;429;427;426;431;487;434;433;432;430;425;424;421;420;423;382;383;384;385;386;387;381;380;378;377;258;257;256;255;260;261;259;253;248;246;247;249;236;235;234;140;139;141;143;142;144;145;238;237;241;239;240;146;242;243;245;252;254;244;251;250;147;149;150;379;151;152;388;153;154;156;157;155;500;501;498;499;497;496;435;495;494;493;488;489;490;492;491;518;517;516;522;521;460;520;519;459;458;457;456;455;453;452;445;443;442;440;324;322;323;314;313;315;439;438;447;451;450;448;449;461;462;465;468;466;467;474;475;476;481;619;618;616;615;614;603;612;609;610;611;613;617;620;621;622;631;630;629;627;626;625;624;623;484;482;483;485;628;632;633;634;600;599;608;607;598;597;596;595;594;591;592;639;593;636;635;637;638;656;657;658;659;21;20;22;23;25;26;24;27;28;52;53;54;55;56;57;58;59;61;62;60;63;65;66;67;68;69;70;71;88;87;82;86;90;89;91;96;93;94;95;92;97;98;99;100;101;137;103;102;126;125;117;116;104;664;663;662;661;660;653;654;652;655;651;650;648;649;643;641;642;644;645;646;647;640;584;585;590;589;588;587;586;583;582;580;581;579;578;576;575;577;574;572;571;570;569;568;566;567;573;564;565;563;562;546;549;552;548;551;554;556;557;558;555;553;550;547;541;542;540;543;544;545;559;601;560;561;606;605;604;602;473;469;470;471;472;530;532;531;533;534;538;537;536;535;529;528;527;526;509;510;511;512;525;524;515;523;514;513;502;158;504;503;159;160;161;162;191;195;197;199;198;196;208;209;210;211;212;214;213;203;205;204;201;200;164;165;163;506;505;507;508;202;233;231;230;232;229;215;225;223;221;222;224;226;227;228;220;218;219;207;206;193;194;192;188;189;187;190;185;184;183;182;148;170;181;186;180;179;178;177;176;172;171;166;138;168;167;169;173;174;175;216;217;665;108;107;106;105;115;114;113;112;110;109;111;118;120;119;121;122;123;124;127;128;129;130;131;132;134;133;135;136;84;83;85;81;79;80;78;77;76;75;74;539;
Melhor Alcançado;339120.000000; Geração;5
Qtde de Entradas Recursivas;0; Qtde Execuções Recursivas;0; Qtde Execuções das Combinações;0



