Instância;./files/gr666.xml
Execução;21 / 25
Tamanho da Populaçap;200
Máximo de gerações;300
Mutação;6
Cruzamento;5
% Manpulação;30
% Mutação;2
Print Parcial;1
Ativa Recursivo;0
Percentual de Redução;78
Profundidade Máxima;100
Percentual de Eltismo;70
Seleção para Cruzamento;0
Forma de Seleção par Mutação;1

Geração 1 / 300:;Profundidade;0;Melhor;415643.000000;Pior;4794472.000000;Media;4377856.075000;Tempo;3794.000000
Geração 2 / 300:;Profundidade;0;Melhor;356250.000000;Pior;4827591.000000;Media;4306935.290000;Tempo;7528.000000
Geração 3 / 300:;Profundidade;0;Melhor;341196.000000;Pior;4831619.000000;Media;4223246.175000;Tempo;11264.000000
Geração 4 / 300:;Profundidade;0;Melhor;334814.000000;Pior;4882487.000000;Media;4124476.515000;Tempo;15002.000000
Temmpo de execução;15002.000000
melhor;334814.000000
Individuo;0;309;308;17;16;15;13;14;45;46;47;48;42;12;41;43;37;36;38;39;44;49;51;50;72;73;74;75;76;77;78;79;80;81;85;84;83;135;136;137;104;116;117;103;102;101;100;99;98;97;96;95;94;93;91;90;89;86;82;87;88;71;70;69;68;65;64;40;34;35;33;32;31;29;30;10;11;9;8;6;7;19;18;5;4;3;2;1;478;480;477;464;463;437;436;310;311;316;319;317;318;300;301;307;299;298;296;297;306;305;304;303;302;291;292;295;294;293;290;289;286;267;285;288;287;284;263;264;265;266;259;253;254;252;244;250;251;147;149;379;150;151;388;385;386;387;381;380;258;377;378;376;373;374;418;417;419;369;368;404;406;444;399;394;393;391;396;392;390;441;440;442;443;395;445;453;452;451;450;462;461;449;448;447;438;439;315;312;313;314;323;324;322;320;321;327;325;326;330;329;331;389;335;334;333;328;283;281;280;282;279;336;278;275;277;276;269;268;270;271;273;351;272;356;353;357;364;363;362;361;360;261;260;262;370;255;257;256;375;371;372;365;359;366;367;358;355;354;352;337;338;339;340;341;342;343;344;332;345;346;347;348;349;350;400;401;403;402;397;398;405;407;409;410;422;408;421;423;420;382;383;384;430;425;424;426;427;431;432;433;487;434;153;152;148;141;142;143;144;145;238;237;240;241;239;146;242;243;245;246;248;247;249;236;235;234;140;139;166;138;168;167;169;174;175;173;172;171;170;182;181;177;176;178;179;186;180;187;183;184;185;162;161;160;158;154;157;156;155;500;499;497;495;494;493;435;496;498;501;502;503;504;159;163;506;505;508;507;165;164;202;233;232;231;230;229;215;225;224;226;227;228;220;218;219;221;222;223;211;210;208;209;212;214;213;205;204;203;201;200;198;199;197;196;195;191;190;189;188;192;193;194;206;207;216;217;130;131;132;133;134;129;122;123;124;128;127;126;125;120;121;119;118;111;110;109;112;113;114;115;105;106;107;108;665;648;649;650;651;644;643;642;641;640;647;639;585;590;589;587;588;586;584;583;582;580;581;579;578;576;575;577;574;571;572;569;570;568;606;566;567;573;565;564;563;562;561;546;560;601;559;539;540;533;532;531;534;547;550;553;554;558;557;556;555;551;548;552;549;545;544;543;542;541;536;537;538;509;510;511;512;513;523;514;515;522;517;516;518;492;491;490;489;488;486;429;428;415;413;411;414;412;446;416;454;455;456;457;460;459;458;519;520;521;524;525;526;527;528;535;529;530;472;471;470;469;473;468;465;466;467;476;474;475;615;616;614;603;602;604;605;609;612;610;611;613;617;618;620;621;622;485;619;481;483;482;479;484;623;624;625;626;627;629;628;630;631;632;633;634;600;608;598;607;599;597;596;595;594;591;592;593;636;635;658;657;656;637;638;646;645;655;654;653;652;662;663;661;660;659;20;21;22;23;24;26;27;25;28;52;53;54;55;56;57;58;59;61;60;62;63;66;67;92;664;274;
Melhor Alcançado;334814.000000; Geração;4
Qtde de Entradas Recursivas;0; Qtde Execuções Recursivas;0; Qtde Execuções das Combinações;0



