Instância;./files/gr666.xml
Execução;6 / 25
Tamanho da Populaçap;200
Máximo de gerações;300
Mutação;6
Cruzamento;1
% Manpulação;30
% Mutação;2
Print Parcial;1
Ativa Recursivo;0
Percentual de Redução;78
Profundidade Máxima;100
Percentual de Eltismo;70
Seleção para Cruzamento;0
Forma de Seleção par Mutação;1

Geração 1 / 300:;Profundidade;0;Melhor;413792.000000;Pior;4845008.000000;Media;4376410.285000;Tempo;3774.000000
Geração 2 / 300:;Profundidade;0;Melhor;348437.000000;Pior;5009925.000000;Media;4349234.565000;Tempo;7454.000000
Geração 3 / 300:;Profundidade;0;Melhor;333352.000000;Pior;5110150.000000;Media;4235545.550000;Tempo;11160.000000
Geração 4 / 300:;Profundidade;0;Melhor;330569.000000;Pior;4989131.000000;Media;4101538.695000;Tempo;14872.000000
Temmpo de execução;14872.000000
melhor;330569.000000
Individuo;0;309;308;307;301;298;299;300;318;317;319;320;322;323;324;441;390;391;393;392;396;397;398;402;403;401;400;350;349;348;347;346;345;333;334;335;389;331;327;321;325;326;330;329;328;283;281;282;280;277;276;275;278;279;274;336;337;338;339;341;342;343;332;344;340;352;354;355;358;359;365;366;367;369;404;368;406;409;410;422;413;414;415;416;428;429;486;488;490;489;493;494;492;491;518;516;522;517;519;459;458;460;520;521;527;528;530;472;471;470;469;473;474;467;466;468;465;462;461;449;450;448;447;451;457;456;455;452;445;453;454;446;412;411;407;405;444;399;394;395;443;442;440;438;315;439;314;313;312;316;311;310;436;437;463;464;477;476;475;614;612;603;602;604;605;609;610;611;613;615;616;617;618;619;620;621;622;633;632;631;630;629;628;627;626;624;623;625;485;483;482;484;479;480;478;1;3;2;4;659;660;661;662;663;664;106;105;115;114;116;104;101;103;102;136;137;99;100;98;97;96;93;94;95;92;91;89;90;86;82;87;88;71;70;69;67;68;66;62;61;57;56;54;53;52;28;27;26;25;23;22;21;20;24;19;5;18;7;6;9;8;11;10;29;30;31;32;38;37;36;41;12;13;14;15;16;17;45;47;46;48;42;43;44;39;33;34;40;35;55;58;59;60;63;65;64;49;50;51;72;73;75;74;76;77;78;79;81;80;85;84;83;135;134;133;131;130;132;138;166;168;167;169;174;173;175;172;171;181;170;148;182;177;176;178;180;186;179;188;192;189;190;187;183;184;185;191;195;194;193;206;207;196;197;199;198;200;201;203;205;204;202;233;231;232;230;229;214;212;210;208;209;213;211;221;223;222;215;225;224;226;227;228;219;218;220;216;217;119;120;121;122;124;123;129;128;127;126;125;117;118;111;112;113;110;109;108;107;665;650;648;649;651;652;653;654;655;656;657;658;635;636;637;638;646;645;644;643;642;641;640;647;639;593;592;585;590;589;586;584;583;582;581;580;579;578;577;574;575;576;587;588;591;594;595;596;597;599;600;634;608;607;598;569;570;571;572;573;564;565;567;566;568;606;563;562;561;560;601;559;545;544;543;546;549;552;548;551;555;557;558;556;554;553;550;547;541;542;540;539;532;531;533;534;536;537;538;535;529;526;509;510;511;512;525;524;515;523;514;513;502;504;503;163;506;505;508;507;165;164;161;162;160;159;158;157;154;156;155;500;501;498;499;497;496;495;435;487;433;434;153;152;151;150;149;147;146;240;239;241;237;238;145;144;142;143;141;139;140;234;235;236;249;247;246;243;242;250;251;379;387;386;388;385;381;382;383;384;430;432;431;427;426;424;425;421;423;420;408;419;417;418;374;373;372;371;370;375;376;377;378;380;258;257;256;255;262;260;261;270;361;360;362;364;363;272;357;353;356;351;273;271;269;268;267;289;286;285;288;287;290;293;291;292;294;295;296;297;305;306;304;303;302;284;263;264;265;266;259;253;248;245;252;254;244;481;
Melhor Alcançado;330569.000000; Geração;4
Qtde de Entradas Recursivas;0; Qtde Execuções Recursivas;0; Qtde Execuções das Combinações;0



