Instância;./files/gr666.xml
Execução;19 / 25
Tamanho da Populaçap;200
Máximo de gerações;300
Mutação;6
Cruzamento;3
% Manpulação;30
% Mutação;2
Print Parcial;1
Ativa Recursivo;0
Percentual de Redução;78
Profundidade Máxima;100
Percentual de Eltismo;70
Seleção para Cruzamento;0
Forma de Seleção par Mutação;1

Geração 1 / 300:;Profundidade;0;Melhor;415857.000000;Pior;4826644.000000;Media;4375937.740000;Tempo;3474.000000
Geração 2 / 300:;Profundidade;0;Melhor;354247.000000;Pior;4756772.000000;Media;4261811.460000;Tempo;6913.000000
Geração 3 / 300:;Profundidade;0;Melhor;337857.000000;Pior;4863855.000000;Media;4178957.155000;Tempo;10341.000000
Geração 4 / 300:;Profundidade;0;Melhor;332058.000000;Pior;4727498.000000;Media;4095907.985000;Tempo;13758.000000
Geração 5 / 300:;Profundidade;0;Melhor;329431.000000;Pior;4684633.000000;Media;3989547.845000;Tempo;17117.000000
Temmpo de execução;17117.000000
melhor;329431.000000
Individuo;0;309;11;6;7;9;8;10;29;30;36;37;38;39;40;49;44;43;12;41;42;48;47;46;45;13;14;15;16;17;308;307;301;300;299;318;317;319;320;321;327;325;326;330;331;329;283;328;333;345;352;353;272;356;357;354;355;358;400;401;350;349;346;348;347;334;335;389;392;396;402;397;398;399;444;405;407;410;422;421;420;423;425;424;426;431;427;428;429;487;486;488;493;489;490;492;494;495;435;497;496;499;500;498;501;156;155;154;157;158;160;161;162;185;184;183;182;148;151;152;153;434;433;432;430;384;383;382;385;386;388;387;381;380;378;376;372;373;417;374;418;419;408;409;406;404;368;403;369;367;366;359;365;364;363;362;360;262;260;261;361;270;269;271;351;273;274;336;337;338;340;344;332;343;342;341;339;279;280;281;282;278;275;277;276;268;267;286;289;290;293;291;292;294;295;296;298;297;305;306;303;302;304;287;288;285;284;263;264;265;266;253;259;254;255;256;257;370;371;375;377;258;379;150;149;147;146;144;141;142;143;145;238;237;239;241;240;242;243;250;251;244;252;245;246;247;248;249;236;235;234;140;139;166;168;167;138;169;174;173;175;172;171;170;181;177;176;178;179;186;180;187;189;192;188;216;217;228;227;224;226;225;215;222;223;221;220;218;219;207;206;193;194;190;191;195;197;199;198;196;208;209;210;213;212;211;214;229;232;230;231;233;202;204;205;203;201;200;164;165;507;508;505;506;163;159;504;503;502;513;514;515;523;525;512;511;510;509;538;537;536;535;529;528;527;526;524;521;520;522;516;517;518;519;460;459;491;458;457;456;451;452;453;455;454;446;416;415;414;413;411;412;445;443;442;395;394;393;391;390;441;440;322;324;323;316;311;310;436;437;312;313;314;439;315;438;447;448;449;450;461;462;463;464;477;476;475;474;467;466;465;468;469;473;470;471;472;530;531;533;534;532;540;539;542;541;547;550;553;551;554;556;558;557;555;552;548;543;544;559;601;560;545;549;546;561;562;563;565;564;573;572;571;574;577;575;576;578;579;580;581;582;583;584;586;588;587;589;590;585;639;647;640;641;642;643;645;644;646;638;637;656;657;658;635;636;593;592;591;595;594;596;597;599;600;634;611;610;608;598;607;570;569;567;566;568;606;605;604;602;603;609;612;614;616;615;613;617;620;621;622;632;633;631;630;629;627;628;626;625;624;485;618;619;481;483;482;484;479;480;478;1;2;3;4;5;18;19;24;20;21;22;23;25;27;26;31;32;33;34;35;28;52;53;54;55;56;57;58;59;61;62;60;63;64;65;66;67;68;69;70;71;88;75;73;72;50;51;74;76;77;78;79;80;81;86;82;87;90;89;91;96;93;94;95;92;97;98;99;100;101;103;102;104;116;117;125;126;137;136;85;84;83;135;134;133;132;131;130;129;127;128;123;124;122;121;120;119;118;111;110;109;112;113;114;105;115;106;107;108;665;648;650;649;651;655;652;654;653;662;660;659;661;663;664;623;
Melhor Alcançado;329431.000000; Geração;5
Qtde de Entradas Recursivas;0; Qtde Execuções Recursivas;0; Qtde Execuções das Combinações;0



