Instância;./files/gr666.xml
Execução;18 / 25
Tamanho da Populaçap;200
Máximo de gerações;300
Mutação;6
Cruzamento;4
% Manpulação;30
% Mutação;2
Print Parcial;1
Ativa Recursivo;0
Percentual de Redução;78
Profundidade Máxima;100
Percentual de Eltismo;70
Seleção para Cruzamento;0
Forma de Seleção par Mutação;1

Geração 1 / 300:;Profundidade;0;Melhor;398432.000000;Pior;4650927.000000;Media;4348912.085000;Tempo;3487.000000
Geração 2 / 300:;Profundidade;0;Melhor;349571.000000;Pior;4669373.000000;Media;4257902.460000;Tempo;6881.000000
Geração 3 / 300:;Profundidade;0;Melhor;328767.000000;Pior;4557678.000000;Media;4145509.580000;Tempo;10335.000000
Geração 4 / 300:;Profundidade;0;Melhor;323208.000000;Pior;4618465.000000;Media;4000872.705000;Tempo;13795.000000
Geração 5 / 300:;Profundidade;0;Melhor;322435.000000;Pior;4583242.000000;Media;3793982.135000;Tempo;17206.000000
Temmpo de execução;17206.000000
melhor;322435.000000
Individuo;0;309;308;307;301;300;299;298;296;297;305;306;304;303;302;284;263;265;264;266;268;269;273;351;271;272;364;363;362;361;360;270;261;260;262;255;256;257;370;375;371;372;376;378;377;258;379;149;147;251;250;242;243;245;244;252;254;259;253;248;247;246;241;240;239;146;144;142;141;143;145;238;237;235;236;249;234;140;139;166;138;168;167;169;173;174;172;171;175;176;177;178;179;186;180;181;170;182;148;151;150;387;386;385;388;152;153;434;433;432;430;431;427;426;424;425;383;384;382;381;380;420;423;421;422;409;410;407;405;444;399;398;397;402;403;404;406;408;419;418;417;374;373;365;359;366;369;367;401;400;358;355;357;356;353;352;354;345;346;349;350;348;347;334;335;389;321;327;325;326;330;331;329;333;328;283;332;344;343;342;341;340;339;338;337;336;274;279;280;281;282;278;275;277;276;267;286;289;285;287;288;290;292;291;293;294;295;318;317;319;320;322;323;324;441;390;391;392;396;393;394;395;440;442;443;445;453;452;451;456;457;455;454;446;412;411;413;414;415;416;428;429;486;487;488;493;489;490;492;491;458;459;519;460;520;521;527;528;526;525;524;515;514;523;522;517;516;518;494;495;497;435;496;499;498;501;500;155;154;157;156;158;160;161;162;185;184;183;187;189;188;192;190;191;197;199;198;196;195;194;193;206;207;216;217;218;219;220;228;227;226;224;225;215;222;223;221;211;210;208;209;212;213;214;229;231;230;232;233;202;205;204;203;201;200;164;165;507;508;505;506;163;159;504;503;502;513;511;512;510;509;538;537;536;535;529;534;533;532;531;530;472;471;470;469;473;601;560;559;545;544;548;543;540;539;542;541;547;550;553;551;554;556;557;558;555;552;549;546;562;561;563;565;564;573;572;571;588;587;578;577;574;575;576;579;580;581;582;583;584;586;589;590;585;639;647;640;641;643;642;644;645;646;638;637;656;655;652;653;654;651;650;649;648;665;108;107;106;115;105;114;116;104;103;102;126;125;117;113;112;110;109;111;118;119;120;121;122;123;124;128;127;129;130;131;132;134;133;135;85;84;83;136;137;101;100;99;98;97;96;90;89;91;93;94;95;92;664;663;661;662;660;659;658;657;635;636;593;592;591;594;596;595;597;598;607;570;569;567;566;568;606;605;604;602;603;609;612;614;615;616;617;613;610;611;608;599;600;634;633;632;631;622;621;620;618;485;628;627;629;630;626;625;624;623;484;482;483;481;619;476;475;474;467;466;465;468;462;461;449;450;448;447;438;439;315;314;313;316;311;312;310;436;437;463;464;477;480;479;478;1;3;2;4;6;7;19;18;5;20;21;22;23;25;24;26;27;28;52;53;54;55;56;57;61;62;59;58;60;63;64;65;67;66;68;69;70;71;88;87;82;86;81;80;79;78;77;76;74;75;73;72;50;51;49;44;39;40;35;34;33;32;31;38;43;42;48;47;46;45;16;17;15;14;13;12;41;37;36;30;29;8;9;11;10;368;
Melhor Alcançado;322435.000000; Geração;5
Qtde de Entradas Recursivas;0; Qtde Execuções Recursivas;0; Qtde Execuções das Combinações;0



