Instância;./files/gr666.xml
Execução;4 / 25
Tamanho da Populaçap;200
Máximo de gerações;300
Mutação;6
Cruzamento;4
% Manpulação;30
% Mutação;2
Print Parcial;1
Ativa Recursivo;0
Percentual de Redução;78
Profundidade Máxima;100
Percentual de Eltismo;70
Seleção para Cruzamento;0
Forma de Seleção par Mutação;1

Geração 1 / 300:;Profundidade;0;Melhor;418255.000000;Pior;4685345.000000;Media;4340898.850000;Tempo;3567.000000
Geração 2 / 300:;Profundidade;0;Melhor;352856.000000;Pior;4662475.000000;Media;4231165.315000;Tempo;7020.000000
Geração 3 / 300:;Profundidade;0;Melhor;336023.000000;Pior;4635671.000000;Media;4105788.015000;Tempo;10461.000000
Geração 4 / 300:;Profundidade;0;Melhor;331669.000000;Pior;4571369.000000;Media;3957758.945000;Tempo;13899.000000
Geração 5 / 300:;Profundidade;0;Melhor;330816.000000;Pior;4636328.000000;Media;3705838.165000;Tempo;17328.000000
Temmpo de execução;17328.000000
melhor;330816.000000
Individuo;0;464;463;437;436;310;311;312;316;317;318;319;320;322;324;323;314;313;438;315;439;440;441;390;391;392;396;393;394;395;442;443;445;412;413;411;407;409;410;422;421;420;423;425;424;426;427;415;429;428;416;446;454;453;455;456;451;452;447;448;461;462;449;450;457;460;459;458;491;492;494;495;496;497;499;500;501;498;156;157;154;155;435;493;489;490;488;486;487;431;430;432;433;434;153;388;386;385;387;384;383;382;381;380;377;378;376;375;370;371;372;373;418;417;374;419;408;406;405;444;399;398;397;402;403;368;404;369;367;366;365;359;358;400;401;350;349;348;347;346;355;354;352;353;356;351;273;274;336;337;338;339;340;343;341;342;344;332;345;333;334;335;389;331;327;321;325;326;330;329;328;283;282;281;280;279;278;277;276;275;269;271;272;357;364;363;362;361;360;270;261;260;262;255;256;257;258;379;150;151;152;148;149;147;250;251;244;252;254;245;243;242;146;240;241;235;237;238;145;239;144;142;143;141;139;140;234;236;249;247;246;248;253;259;266;265;263;264;267;268;286;289;285;288;287;284;302;303;304;305;306;291;290;293;292;294;295;297;296;298;299;300;301;307;309;308;17;16;13;14;15;45;46;47;48;42;12;41;36;37;43;38;39;44;49;50;51;72;73;75;74;76;77;78;79;80;81;86;82;87;88;91;90;89;71;70;69;68;65;64;40;35;34;33;32;31;30;29;10;11;9;8;7;6;4;5;18;19;20;21;22;23;24;26;27;28;25;52;53;54;55;56;57;58;59;61;62;60;63;66;67;92;95;93;94;96;98;97;664;663;661;662;653;660;659;658;657;656;646;638;637;635;636;593;639;640;647;641;642;643;644;645;655;654;652;651;650;649;648;665;107;108;109;111;112;110;113;115;106;105;114;116;104;100;99;101;103;102;137;136;83;84;85;135;133;134;132;131;130;129;128;127;126;125;117;119;118;120;121;123;124;122;217;216;218;219;220;228;227;226;225;215;224;223;222;221;211;212;210;209;208;213;214;229;230;232;231;233;202;164;201;203;205;204;200;199;198;197;196;207;206;193;194;195;191;190;189;192;188;187;186;180;179;178;177;176;175;174;173;169;168;138;167;166;172;171;170;181;182;183;185;184;162;161;160;158;502;503;504;159;163;506;165;507;505;508;513;514;515;523;522;517;516;518;519;520;521;524;526;525;512;511;510;509;538;537;541;547;550;551;553;554;557;558;556;555;552;548;542;540;539;543;544;545;559;601;560;561;546;549;562;563;606;568;566;567;565;564;573;574;575;577;578;579;580;581;582;583;586;584;590;585;592;591;594;595;596;597;588;589;587;576;571;572;570;569;607;598;608;600;599;634;610;611;613;617;615;616;614;612;609;603;605;604;602;473;469;471;527;528;529;535;536;534;533;532;531;530;472;470;468;466;465;467;474;475;476;619;485;618;620;621;622;633;632;631;630;629;628;627;626;625;624;623;484;482;483;481;477;480;479;478;3;2;1;414;
Melhor Alcançado;330816.000000; Geração;5
Qtde de Entradas Recursivas;0; Qtde Execuções Recursivas;0; Qtde Execuções das Combinações;0



