Instância;./files/gr666.xml
Execução;6 / 25
Tamanho da Populaçap;200
Máximo de gerações;300
Mutação;6
Cruzamento;5
% Manpulação;30
% Mutação;2
Print Parcial;1
Ativa Recursivo;0
Percentual de Redução;78
Profundidade Máxima;100
Percentual de Eltismo;70
Seleção para Cruzamento;0
Forma de Seleção par Mutação;1

Geração 1 / 300:;Profundidade;0;Melhor;407231.000000;Pior;4801917.000000;Media;4390290.205000;Tempo;3779.000000
Geração 2 / 300:;Profundidade;0;Melhor;348363.000000;Pior;4730973.000000;Media;4322745.560000;Tempo;7472.000000
Geração 3 / 300:;Profundidade;0;Melhor;331797.000000;Pior;4721556.000000;Media;4242028.510000;Tempo;11213.000000
Geração 4 / 300:;Profundidade;0;Melhor;330241.000000;Pior;4775733.000000;Media;4150573.765000;Tempo;14947.000000
Temmpo de execução;14947.000000
melhor;330241.000000
Individuo;0;309;308;307;301;300;317;318;316;319;320;322;323;324;441;390;391;392;396;397;398;402;403;404;406;408;409;411;413;414;412;446;454;416;428;429;486;415;427;426;431;424;425;430;432;433;487;434;153;388;152;151;150;379;149;148;170;181;171;172;173;174;175;176;177;178;179;186;180;187;182;183;184;185;191;195;190;192;189;188;216;217;228;227;226;224;225;215;222;223;221;211;219;220;218;207;206;193;194;196;197;198;199;200;201;203;205;204;208;209;210;212;213;214;229;232;230;231;233;202;164;165;505;507;508;506;163;160;161;162;159;503;504;502;158;156;157;154;155;500;501;498;499;497;496;495;435;494;493;488;489;490;491;492;518;517;516;522;515;523;514;513;512;511;510;509;538;537;536;535;529;530;473;469;470;472;471;528;527;526;525;524;521;520;519;459;460;458;457;456;455;453;445;452;451;447;448;449;450;461;462;468;465;466;467;464;463;437;436;310;311;312;313;314;438;315;439;440;442;443;395;399;394;444;405;407;410;422;421;423;420;382;383;384;385;386;387;381;380;258;256;257;255;260;262;261;270;362;364;363;361;360;370;371;375;377;378;376;372;373;374;417;418;419;369;368;367;366;365;359;358;400;401;350;349;348;347;334;335;389;331;321;327;325;326;330;328;329;333;346;345;283;332;340;344;342;343;341;339;279;282;281;280;278;275;277;276;274;336;338;337;352;354;355;353;357;356;272;351;273;271;269;268;267;289;286;285;288;287;290;291;292;293;294;295;299;298;296;297;305;306;304;303;302;284;263;264;265;266;259;253;254;244;252;245;243;242;251;250;147;146;240;239;238;143;142;141;144;145;237;241;246;248;247;249;236;235;234;140;139;166;168;169;167;138;131;132;130;129;123;124;122;121;120;119;118;125;117;102;126;127;128;133;134;135;83;84;85;136;137;96;90;89;71;70;92;664;663;661;662;653;660;659;478;1;2;3;4;18;5;19;7;6;8;9;11;10;29;30;37;36;41;12;13;14;15;16;17;45;46;47;48;42;43;38;31;32;33;34;26;24;21;20;22;23;25;27;28;52;53;54;56;57;55;60;59;58;61;62;63;66;69;67;68;65;64;35;40;39;44;49;50;51;72;73;74;75;76;77;78;81;79;80;86;82;87;88;91;93;94;95;97;98;99;100;101;103;104;116;106;105;115;114;113;111;112;110;109;108;107;665;650;649;648;651;652;654;655;656;657;658;637;638;646;645;644;642;643;641;647;640;585;639;592;593;636;635;634;633;632;631;630;629;628;627;626;625;624;623;484;485;622;621;620;613;611;610;609;612;614;616;615;617;618;619;481;483;482;479;480;477;476;474;475;602;603;605;604;606;566;567;568;569;570;607;598;608;600;599;595;596;597;594;591;588;587;589;586;590;584;583;582;580;581;579;578;576;575;577;574;571;572;573;564;565;563;562;561;601;560;559;544;545;546;549;552;555;557;556;558;554;551;553;550;547;548;543;539;532;531;533;534;541;542;540;393;
Melhor Alcançado;330241.000000; Geração;4
Qtde de Entradas Recursivas;0; Qtde Execuções Recursivas;0; Qtde Execuções das Combinações;0



