Instância;./files/gr666.xml
Execução;14 / 25
Tamanho da Populaçap;200
Máximo de gerações;300
Mutação;6
Cruzamento;0
% Manpulação;30
% Mutação;2
Print Parcial;1
Ativa Recursivo;0
Percentual de Redução;78
Profundidade Máxima;100
Percentual de Eltismo;70
Seleção para Cruzamento;0
Forma de Seleção par Mutação;1

Geração 1 / 300:;Profundidade;0;Melhor;407489.000000;Pior;4890043.000000;Media;4359712.975000;Tempo;3554.000000
Geração 2 / 300:;Profundidade;0;Melhor;358605.000000;Pior;4916005.000000;Media;4222359.230000;Tempo;7069.000000
Geração 3 / 300:;Profundidade;0;Melhor;337873.000000;Pior;4849308.000000;Media;4092588.010000;Tempo;10557.000000
Geração 4 / 300:;Profundidade;0;Melhor;333125.000000;Pior;4839134.000000;Media;3944555.660000;Tempo;14045.000000
Geração 5 / 300:;Profundidade;0;Melhor;330638.000000;Pior;4854207.000000;Media;3726959.495000;Tempo;17555.000000
Temmpo de execução;17555.000000
melhor;330638.000000
Individuo;0;464;463;462;461;449;450;448;451;447;437;436;312;310;311;316;319;318;317;300;301;308;307;299;298;296;297;305;306;302;303;304;291;292;295;294;293;290;289;286;276;277;275;278;280;282;281;279;274;336;337;338;339;340;343;341;342;344;332;283;333;328;329;330;331;321;327;326;325;320;322;324;323;314;313;315;438;439;440;442;443;395;441;390;391;392;389;335;334;347;348;350;349;346;345;354;352;353;356;272;357;355;358;400;401;367;366;359;365;376;377;378;380;381;382;383;384;423;420;421;422;410;409;408;406;407;405;444;399;394;393;396;397;398;402;403;404;368;369;419;417;418;374;373;372;371;370;262;260;261;360;361;270;362;364;363;271;351;273;269;268;267;285;288;287;284;263;264;265;266;259;253;248;247;246;245;254;252;244;255;256;257;375;258;379;387;386;385;388;152;151;150;149;147;251;250;243;242;146;144;142;141;143;145;239;240;241;237;238;235;236;249;234;140;139;166;171;172;174;175;173;169;168;167;138;131;132;130;129;133;134;135;83;84;85;81;79;80;78;77;76;75;74;73;72;51;50;49;44;39;43;42;48;46;47;45;17;16;15;13;14;12;41;36;37;38;32;31;30;29;10;8;9;11;6;7;19;24;18;5;4;3;2;1;478;659;20;21;22;23;25;52;28;27;26;33;34;40;35;54;53;57;56;55;58;59;61;62;60;63;64;65;67;66;68;69;70;71;91;89;90;88;87;82;86;136;137;96;94;95;93;92;97;98;99;100;101;103;102;126;125;127;128;124;123;122;121;120;119;118;117;104;116;114;113;112;111;110;109;115;105;106;664;663;661;662;660;653;652;654;655;645;646;638;637;656;657;658;635;636;593;585;590;586;589;588;587;584;583;582;581;580;579;578;576;575;577;574;572;571;570;569;568;566;567;573;565;564;562;546;549;552;551;555;558;557;556;554;553;550;548;543;545;544;559;601;560;561;563;606;604;605;602;603;612;614;616;615;617;621;620;618;485;619;481;483;482;477;480;479;484;623;624;625;626;627;628;629;630;631;622;632;633;634;611;610;613;609;607;598;608;600;599;597;596;595;594;591;592;639;647;640;641;642;643;644;651;650;649;648;665;107;108;217;216;176;177;178;179;186;180;187;189;188;192;190;185;184;183;182;181;170;148;153;434;433;432;430;425;424;431;426;427;487;486;429;416;428;415;411;413;414;412;445;446;454;453;452;455;456;457;460;520;521;524;525;526;528;527;471;470;468;465;466;467;476;474;475;473;469;472;530;531;533;532;534;539;540;542;541;547;538;537;536;529;535;509;510;511;512;514;523;515;522;516;517;518;519;458;459;491;492;490;489;488;435;493;494;495;497;496;499;498;501;500;155;156;157;154;158;159;503;504;502;513;508;507;505;506;165;164;163;160;161;162;191;197;198;199;200;201;203;205;204;202;233;231;232;230;229;214;213;212;211;221;224;222;223;215;225;226;227;228;220;218;219;210;209;208;196;195;193;194;207;206;309;
Melhor Alcançado;330638.000000; Geração;5
Qtde de Entradas Recursivas;0; Qtde Execuções Recursivas;0; Qtde Execuções das Combinações;0



