Instância;./files/gr666.xml
Execução;19 / 25
Tamanho da Populaçap;200
Máximo de gerações;300
Mutação;6
Cruzamento;5
% Manpulação;30
% Mutação;2
Print Parcial;1
Ativa Recursivo;0
Percentual de Redução;78
Profundidade Máxima;100
Percentual de Eltismo;70
Seleção para Cruzamento;0
Forma de Seleção par Mutação;1

Geração 1 / 300:;Profundidade;0;Melhor;403552.000000;Pior;4708966.000000;Media;4369089.245000;Tempo;3764.000000
Geração 2 / 300:;Profundidade;0;Melhor;351129.000000;Pior;4711629.000000;Media;4293649.850000;Tempo;7496.000000
Geração 3 / 300:;Profundidade;0;Melhor;340840.000000;Pior;4773157.000000;Media;4216323.375000;Tempo;11222.000000
Geração 4 / 300:;Profundidade;0;Melhor;338254.000000;Pior;4776375.000000;Media;4109125.525000;Tempo;14956.000000
Temmpo de execução;14956.000000
melhor;338254.000000
Individuo;0;463;464;467;473;469;468;466;465;462;461;449;450;456;455;453;452;451;447;448;437;436;310;311;316;317;318;319;325;326;330;329;333;345;332;328;283;281;280;282;279;339;341;342;343;344;340;337;338;336;274;275;278;277;276;289;286;267;268;269;270;260;261;262;255;257;256;375;370;361;360;362;364;363;271;273;351;272;357;356;353;352;354;355;346;349;350;348;347;334;335;389;331;321;327;320;322;324;323;314;315;313;312;438;439;440;441;390;395;442;443;445;446;454;416;428;429;486;415;412;414;413;411;407;405;444;399;394;393;391;392;396;397;398;402;403;401;400;358;366;359;365;372;371;376;377;378;373;374;418;417;369;367;368;404;406;409;410;422;408;419;420;423;421;425;424;426;427;431;430;432;433;487;488;490;489;493;435;494;492;491;459;458;457;460;520;521;524;525;512;511;510;509;526;527;528;529;535;536;538;537;541;534;530;471;470;472;531;532;533;539;542;543;544;548;547;550;553;551;554;556;557;558;555;552;549;546;545;559;560;601;561;562;563;564;565;567;566;606;568;570;569;571;572;573;574;577;575;576;578;579;580;581;582;583;584;586;589;588;587;590;585;639;640;647;641;642;643;649;648;650;651;652;661;660;659;22;23;25;20;21;18;5;6;7;19;24;26;27;28;52;53;54;56;57;61;59;58;55;60;62;63;64;72;65;66;67;68;69;70;71;92;664;663;662;653;654;655;644;645;646;638;637;656;657;658;635;636;593;592;591;594;595;596;597;598;607;599;608;600;634;632;633;631;630;629;628;627;626;625;624;623;484;482;483;481;619;485;622;621;620;618;617;613;610;611;609;605;604;602;603;612;614;616;615;475;474;476;477;480;479;478;1;3;4;2;309;11;8;9;10;29;30;36;41;42;48;47;46;45;16;15;13;14;12;43;37;38;31;32;33;34;35;40;39;44;49;51;50;73;75;74;76;77;78;80;79;81;86;82;87;88;89;90;91;94;93;95;96;97;98;99;100;137;136;85;84;83;135;133;134;132;131;130;129;128;127;124;123;122;121;119;118;120;117;125;126;102;103;101;104;116;105;106;115;114;113;112;111;110;109;108;107;665;217;216;188;192;190;189;187;186;180;179;177;178;176;175;171;172;174;173;169;138;167;168;166;170;181;148;182;183;185;184;191;197;198;199;200;201;204;203;205;213;214;212;211;210;209;208;196;195;194;193;206;207;218;219;220;228;227;226;225;224;223;222;221;215;229;232;231;230;233;202;164;165;508;507;505;506;163;159;160;161;162;158;504;503;502;513;514;515;523;522;516;517;519;518;495;497;496;499;500;498;501;156;157;155;154;434;153;152;388;387;386;385;384;383;382;381;380;258;379;150;151;149;147;146;242;243;250;251;244;252;254;253;259;266;264;265;263;284;285;287;288;290;293;294;295;292;291;304;303;302;306;305;297;298;296;299;300;301;307;308;17;234;140;139;141;143;142;144;145;238;237;239;240;241;246;245;248;247;249;236;235;540;
Melhor Alcançado;338254.000000; Geração;4
Qtde de Entradas Recursivas;0; Qtde Execuções Recursivas;0; Qtde Execuções das Combinações;0



