Instância;files/gr666.xml
Execução;3 / 3
Tamanho da Populaçap;200
Máximo de gerações;300
Mutação;5
Cruzamento;6
% Manpulação;30
% Mutação;20
Print Parcial;1
Ativa Recursivo;0
Percentual de Redução;77
Profundidade Máxima;5
Percentual de Eltismo;70
Seleção para Cruzamento;0
Forma de Seleção par Mutação;1

Geração 1 / 300:;Profundidade;0;Melhor;4039205.000000;Pior;5020342.000000;Media;4447650.435000;Tempo;2279.000000
Geração 2 / 300:;Profundidade;0;Melhor;4001679.000000;Pior;5062672.000000;Media;4451168.035000;Tempo;4605.000000
Temmpo de execução;4605.000000
melhor;4001679.000000
Individuo;0;60;18;3;4;438;402;7;537;651;10;21;12;13;14;347;40;17;26;314;72;11;22;23;531;25;358;27;28;435;283;31;403;1;188;599;36;37;38;399;201;263;308;398;656;614;619;47;234;49;50;82;615;547;135;55;56;57;624;204;595;574;146;343;613;77;66;67;631;551;120;90;243;73;74;315;414;65;168;79;477;592;51;78;664;488;86;87;275;638;34;91;474;93;471;95;96;97;98;508;100;103;251;105;501;107;108;109;110;112;217;198;113;115;116;320;285;590;46;337;122;123;124;125;126;172;579;129;130;250;132;133;99;150;136;287;461;328;140;467;348;289;144;145;62;53;427;378;381;659;485;181;154;416;164;157;158;71;160;161;247;327;429;139;167;503;114;490;224;420;248;173;174;548;176;183;178;336;180;117;482;417;184;542;186;187;48;452;153;185;421;193;212;195;196;608;142;451;200;259;202;587;277;205;215;64;605;209;230;169;479;213;483;640;561;83;434;219;220;221;222;223;2;225;241;227;228;229;210;231;391;233;415;410;236;237;335;147;240;156;70;368;244;412;246;338;42;349;601;104;252;460;294;513;68;362;626;504;621;261;262;525;322;265;266;267;569;257;422;271;272;318;274;88;546;505;278;279;658;102;282;612;532;264;457;456;81;515;453;206;602;19;442;448;447;468;390;596;284;623;29;440;439;63;437;84;281;498;433;432;431;245;159;428;148;426;425;610;423;249;189;374;307;600;177;311;497;76;413;469;411;465;409;450;407;563;405;567;32;629;593;400;39;5;171;443;395;462;393;530;534;445;559;491;387;386;255;384;383;382;24;459;379;580;377;376;510;424;373;372;371;370;127;500;367;44;111;364;15;269;207;360;359;170;280;356;355;162;353;352;418;350;458;436;486;346;345;344;190;342;341;340;339;101;304;394;254;334;369;332;331;330;329;586;544;518;325;324;323;199;321;293;319;273;317;316;214;577;476;312;203;480;309;151;419;306;305;302;589;650;301;300;549;9;297;296;295;20;242;292;291;290;143;523;357;286;118;119;238;59;604;540;585;584;211;404;80;149;473;578;512;527;575;606;573;572;633;570;481;568;582;566;565;564;406;562;175;163;155;558;557;556;555;554;539;663;528;165;6;216;30;276;455;560;581;152;541;333;138;538;470;536;516;54;16;69;232;552;529;35;576;526;41;543;288;522;521;520;519;326;517;75;389;514;192;408;392;375;509;401;494;506;218;533;310;502;106;620;499;258;478;496;495;641;493;492;388;583;603;85;487;89;134;484;354;182;268;191;194;571;636;313;475;92;385;472;94;430;260;446;141;466;235;239;463;365;553;253;639;591;511;166;594;45;444;597;598;366;351;131;128;489;464;208;61;607;197;609;588;611;454;361;545;52;616;617;618;43;226;303;137;449;58;625;179;627;628;632;270;256;299;535;634;635;524;637;363;380;8;507;642;643;644;121;646;647;648;649;645;441;397;298;652;653;654;655;396;657;622;630;660;661;662;33;550;665;
Melhor Alcançado;1000000.000000; Geração;0
Qtde de Entradas Recursivas;0; Qtde Execuções Recursivas;0; Qtde Execuções das Combinações;0



