Instância;./files/gr666.xml
Execução;8 / 25
Tamanho da Populaçap;200
Máximo de gerações;300
Mutação;6
Cruzamento;0
% Manpulação;30
% Mutação;2
Print Parcial;1
Ativa Recursivo;0
Percentual de Redução;78
Profundidade Máxima;100
Percentual de Eltismo;70
Seleção para Cruzamento;0
Forma de Seleção par Mutação;1

Geração 1 / 300:;Profundidade;0;Melhor;417675.000000;Pior;4771542.000000;Media;4361268.945000;Tempo;3553.000000
Geração 2 / 300:;Profundidade;0;Melhor;358542.000000;Pior;4870578.000000;Media;4217360.830000;Tempo;7056.000000
Geração 3 / 300:;Profundidade;0;Melhor;343755.000000;Pior;4756107.000000;Media;4055782.485000;Tempo;10545.000000
Geração 4 / 300:;Profundidade;0;Melhor;336957.000000;Pior;4939116.000000;Media;3954419.075000;Tempo;14029.000000
Geração 5 / 300:;Profundidade;0;Melhor;335403.000000;Pior;4750234.000000;Media;3830594.040000;Tempo;17555.000000
Temmpo de execução;17555.000000
melhor;335403.000000
Individuo;0;464;463;436;310;311;312;437;461;462;450;449;448;447;438;315;314;313;439;440;324;323;322;320;319;316;317;318;300;301;307;308;309;11;6;7;9;8;10;29;30;31;33;34;35;40;39;44;49;51;50;72;73;74;75;76;77;78;79;80;81;85;83;84;136;135;133;134;132;131;130;129;124;123;122;121;128;127;126;125;117;120;119;118;111;113;112;110;109;108;107;665;648;649;651;650;643;642;641;644;645;655;654;652;653;662;661;663;664;106;115;105;114;116;104;101;103;102;137;100;99;98;97;96;93;95;94;91;89;90;86;82;87;88;71;92;70;69;68;67;66;65;64;63;62;60;59;58;61;57;56;55;54;53;52;27;28;25;23;22;20;21;659;660;657;658;635;636;638;637;656;646;647;640;639;593;592;591;594;597;595;596;588;587;589;586;590;585;584;583;582;581;580;579;576;578;575;577;574;571;572;573;564;546;549;552;548;551;555;558;557;556;554;553;550;547;541;537;538;536;534;535;529;471;470;472;530;531;533;532;539;540;542;543;545;544;559;601;560;561;562;563;565;566;567;569;570;568;606;604;605;603;602;473;469;468;465;466;467;474;475;476;619;485;618;617;620;621;611;610;613;615;616;614;612;609;607;598;599;608;600;634;633;632;622;631;630;628;629;627;626;625;624;623;484;482;483;481;477;480;479;478;1;3;2;4;5;18;19;24;26;32;38;37;36;41;43;42;48;47;46;12;13;15;14;45;16;17;234;140;139;141;142;143;144;145;239;240;241;237;238;235;236;249;263;265;264;266;259;253;254;252;248;247;246;245;244;251;250;243;242;146;147;149;379;150;151;152;153;433;487;486;488;489;493;435;499;500;501;498;497;496;495;494;492;490;491;458;459;519;518;516;517;522;514;515;523;525;524;521;520;460;457;456;451;455;452;453;454;446;412;445;443;442;395;441;390;391;392;335;389;331;327;321;325;326;330;329;333;328;283;332;344;342;343;341;340;339;338;337;336;274;279;282;281;280;278;275;277;276;289;290;293;292;291;294;295;299;298;296;297;305;306;304;303;302;284;287;288;285;286;267;268;269;271;273;351;356;352;345;346;334;347;348;349;350;400;401;396;402;397;398;393;394;399;444;405;406;404;403;368;369;419;418;417;374;373;378;377;376;372;365;359;366;367;358;355;354;353;357;272;363;364;362;361;360;270;261;260;262;255;256;257;370;371;375;258;380;382;381;387;388;386;385;384;383;423;420;421;408;422;410;409;407;411;413;414;415;428;416;429;427;431;426;424;425;430;432;434;154;157;156;155;158;502;503;504;159;160;161;162;191;195;190;192;188;189;187;183;184;185;148;170;181;182;186;180;179;178;177;176;172;171;166;167;138;168;169;173;174;175;216;217;228;220;219;218;206;194;193;196;198;197;199;200;201;203;204;205;213;214;212;208;209;210;211;221;222;223;224;227;226;225;215;229;230;232;231;233;202;164;163;506;505;165;507;508;513;512;511;510;509;526;527;528;207;
Melhor Alcançado;335403.000000; Geração;5
Qtde de Entradas Recursivas;0; Qtde Execuções Recursivas;0; Qtde Execuções das Combinações;0



