Instância;files/gr666.xml
Execução;3 / 3
Tamanho da Populaçap;200
Máximo de gerações;300
Mutação;5
Cruzamento;13
% Manpulação;30
% Mutação;20
Print Parcial;1
Ativa Recursivo;0
Percentual de Redução;77
Profundidade Máxima;5
Percentual de Eltismo;70
Seleção para Cruzamento;0
Forma de Seleção par Mutação;1

Geração 1 / 300:;Profundidade;0;Melhor;4172645.000000;Pior;5083649.000000;Media;4525609.570000;Tempo;2445.000000
Geração 2 / 300:;Profundidade;0;Melhor;4133927.000000;Pior;5119469.000000;Media;4547647.805000;Tempo;4966.000000
Temmpo de execução;4966.000000
melhor;4133927.000000
Individuo;0;1;301;342;567;465;67;31;8;9;10;331;12;60;593;15;16;513;418;19;20;21;511;495;174;270;167;27;28;333;356;99;32;33;34;398;292;37;94;39;40;187;417;11;75;445;509;608;396;264;399;413;375;216;54;55;56;13;62;59;261;61;351;52;64;65;66;332;276;577;70;221;229;73;26;44;557;622;78;550;145;36;68;228;84;85;86;660;88;520;90;93;92;242;38;370;96;97;320;215;100;101;400;451;411;643;642;382;14;638;595;153;551;574;572;359;268;82;600;568;526;554;565;42;563;345;107;103;104;503;267;35;108;109;585;282;112;113;114;115;156;376;118;119;120;53;422;361;582;125;51;127;533;129;218;131;132;133;134;135;136;137;459;3;386;591;142;542;144;80;146;147;151;95;322;128;251;597;611;117;266;434;158;159;436;263;162;163;91;165;166;414;168;281;661;272;172;219;549;175;176;5;501;179;271;427;524;183;184;185;540;339;188;478;649;341;192;294;250;123;514;197;195;23;200;630;202;217;335;205;407;432;208;357;210;196;186;193;214;222;124;6;130;295;220;437;307;389;224;419;226;486;138;360;230;231;232;631;474;663;236;237;529;239;240;522;344;457;406;380;637;448;17;634;302;234;178;227;629;505;623;626;588;624;289;377;621;510;619;4;420;415;521;614;149;280;321;610;609;47;607;606;651;98;596;602;603;569;368;74;110;519;69;594;180;253;141;590;589;534;58;586;164;584;395;191;201;580;369;105;106;116;247;248;249;241;111;429;592;77;255;233;257;258;259;41;500;314;571;473;265;83;350;559;269;544;640;171;273;274;275;490;277;194;279;517;430;152;283;426;471;72;287;288;627;578;291;662;293;213;254;530;189;24;150;300;440;367;303;566;139;613;157;308;309;310;487;312;313;598;315;316;317;318;319;604;63;587;323;324;485;326;297;328;403;541;43;203;29;284;204;336;337;570;476;340;483;256;7;515;334;346;348;347;349;612;285;352;373;354;355;30;209;488;618;286;198;362;278;364;296;126;633;523;579;325;371;372;404;374;87;433;173;665;161;639;381;424;383;211;385;140;387;388;57;390;160;392;518;394;461;304;122;22;50;539;401;402;453;556;405;244;206;460;409;472;644;412;366;223;493;416;564;583;225;641;421;397;423;81;425;290;410;428;252;169;431;207;379;353;435;391;311;558;298;2;441;358;443;444;45;446;447;143;449;481;560;452;329;454;306;456;243;458;245;71;365;462;463;543;177;466;605;468;469;470;507;305;148;632;475;545;260;48;479;480;450;482;617;484;455;581;343;442;489;338;491;601;238;494;199;496;497;648;181;561;628;502;262;504;499;506;154;508;46;620;562;512;525;327;576;516;246;393;79;89;615;363;656;182;155;573;527;528;547;18;531;532;25;625;535;467;537;538;102;212;384;636;464;49;477;546;616;548;439;492;575;552;553;330;555;438;76;408;635;645;646;647;498;190;650;536;652;653;654;655;599;657;658;659;299;170;121;235;664;378;
Melhor Alcançado;1000000.000000; Geração;0
Qtde de Entradas Recursivas;0; Qtde Execuções Recursivas;0; Qtde Execuções das Combinações;0



