Instância;./files/gr666.xml
Execução;10 / 25
Tamanho da Populaçap;200
Máximo de gerações;300
Mutação;6
Cruzamento;4
% Manpulação;30
% Mutação;2
Print Parcial;1
Ativa Recursivo;0
Percentual de Redução;78
Profundidade Máxima;100
Percentual de Eltismo;70
Seleção para Cruzamento;0
Forma de Seleção par Mutação;1

Geração 1 / 300:;Profundidade;0;Melhor;396002.000000;Pior;4723566.000000;Media;4338219.650000;Tempo;3477.000000
Geração 2 / 300:;Profundidade;0;Melhor;351415.000000;Pior;4628264.000000;Media;4171717.855000;Tempo;6952.000000
Geração 3 / 300:;Profundidade;0;Melhor;338093.000000;Pior;4732625.000000;Media;4025564.810000;Tempo;10397.000000
Geração 4 / 300:;Profundidade;0;Melhor;332697.000000;Pior;4642846.000000;Media;3794063.365000;Tempo;13845.000000
Geração 5 / 300:;Profundidade;0;Melhor;331211.000000;Pior;4576928.000000;Media;3608240.200000;Tempo;17302.000000
Temmpo de execução;17302.000000
melhor;331211.000000
Individuo;0;464;463;437;436;310;311;312;438;315;439;313;314;323;322;324;440;442;443;445;444;405;407;406;402;397;398;393;399;394;395;441;390;391;392;396;389;335;331;321;327;320;319;316;317;306;305;297;298;296;299;295;294;292;291;293;290;289;286;285;267;268;269;273;351;272;271;270;261;260;262;255;256;257;258;376;378;377;380;381;382;383;384;430;432;433;434;487;431;427;426;424;425;423;421;420;422;410;409;408;419;418;374;417;373;372;371;375;370;360;361;362;363;364;357;356;353;352;354;355;358;359;365;366;367;369;404;368;403;401;400;350;349;348;347;334;346;345;333;332;344;340;343;342;341;339;338;337;336;274;276;277;275;278;279;280;282;281;283;328;329;330;326;325;318;300;301;307;309;308;17;16;15;13;12;14;45;46;47;48;42;41;43;44;49;40;34;35;33;31;32;38;37;36;29;30;10;11;8;9;6;7;19;18;5;4;3;2;1;478;479;480;477;482;483;484;623;624;625;626;628;629;627;630;631;622;633;632;634;635;658;657;656;655;654;653;652;651;648;649;650;665;643;641;642;644;645;646;638;637;636;593;585;640;647;639;592;591;594;595;596;597;598;607;599;600;608;611;610;609;612;603;614;616;615;613;617;620;621;618;485;619;481;476;475;474;467;466;465;468;462;461;449;450;448;447;451;456;457;455;452;453;454;446;412;411;413;414;415;416;428;429;486;488;490;489;493;435;154;156;157;155;500;501;498;499;496;497;495;494;492;491;519;520;460;458;459;518;517;516;522;521;524;523;515;514;525;526;527;528;529;535;530;472;471;470;469;473;532;531;533;534;536;541;542;540;539;543;544;545;559;560;601;602;604;605;606;566;568;569;570;572;571;588;587;589;590;586;584;583;582;580;581;579;578;576;575;577;574;573;567;565;564;563;562;561;546;549;552;548;551;554;555;556;558;557;553;550;547;537;538;509;510;512;511;513;508;505;507;506;165;164;163;159;502;504;503;158;160;161;162;185;184;183;182;181;170;148;152;153;388;386;385;387;150;151;379;149;147;146;144;141;142;143;145;239;240;241;237;238;235;236;249;247;246;248;245;243;242;250;251;244;252;254;259;253;266;265;264;263;284;287;288;304;302;303;234;140;139;166;167;138;168;169;173;174;175;172;171;176;177;178;179;186;180;187;189;188;192;190;191;195;194;193;206;207;196;197;198;199;200;201;203;205;204;202;233;232;231;230;229;214;213;212;209;208;210;211;215;221;222;223;224;225;226;227;228;220;219;218;216;217;118;119;120;121;122;123;124;128;127;125;117;116;105;106;115;114;113;112;111;110;109;108;107;664;663;662;661;660;659;21;20;22;23;25;24;26;27;28;52;53;54;55;56;57;58;59;61;62;60;63;64;65;68;66;67;69;70;71;92;97;98;99;101;100;104;103;102;126;137;96;95;94;93;91;89;90;86;82;87;88;75;73;50;72;51;74;76;77;78;80;79;81;85;84;136;83;135;134;133;132;131;130;129;39;
Melhor Alcançado;331211.000000; Geração;5
Qtde de Entradas Recursivas;0; Qtde Execuções Recursivas;0; Qtde Execuções das Combinações;0



