Instância;./files/gr666.xml
Execução;13 / 25
Tamanho da Populaçap;200
Máximo de gerações;300
Mutação;6
Cruzamento;3
% Manpulação;30
% Mutação;2
Print Parcial;1
Ativa Recursivo;0
Percentual de Redução;78
Profundidade Máxima;100
Percentual de Eltismo;70
Seleção para Cruzamento;0
Forma de Seleção par Mutação;1

Geração 1 / 300:;Profundidade;0;Melhor;409360.000000;Pior;4877347.000000;Media;4375512.905000;Tempo;3488.000000
Geração 2 / 300:;Profundidade;0;Melhor;355003.000000;Pior;4781931.000000;Media;4285034.940000;Tempo;6925.000000
Geração 3 / 300:;Profundidade;0;Melhor;341340.000000;Pior;4837485.000000;Media;4221095.015000;Tempo;10284.000000
Geração 4 / 300:;Profundidade;0;Melhor;338696.000000;Pior;4760971.000000;Media;4145567.130000;Tempo;13653.000000
Geração 5 / 300:;Profundidade;0;Melhor;336580.000000;Pior;4951256.000000;Media;4048128.285000;Tempo;17059.000000
Temmpo de execução;17059.000000
melhor;336580.000000
Individuo;0;309;308;17;16;15;14;13;45;46;47;48;12;41;42;43;36;37;39;38;32;33;34;35;40;44;49;50;51;72;73;75;74;76;77;78;80;79;81;85;83;84;135;134;133;129;130;131;132;138;169;168;167;166;139;140;234;249;236;235;142;141;143;144;145;238;237;241;239;240;146;147;251;250;243;242;246;247;248;245;252;244;254;259;253;266;264;265;263;284;285;287;288;290;292;291;293;294;295;298;299;296;297;305;304;302;303;306;307;301;300;317;318;316;319;320;325;326;330;333;345;346;355;354;352;353;356;357;272;364;363;362;361;370;375;371;372;376;377;378;373;374;418;419;417;369;408;422;410;409;406;404;368;367;366;365;359;358;400;401;350;349;348;347;334;335;389;392;396;403;402;397;398;393;391;390;441;440;442;443;395;394;399;444;405;407;411;413;414;415;428;416;454;446;412;445;453;452;451;447;448;449;450;461;462;468;465;466;467;464;463;437;436;310;311;312;313;439;315;438;314;323;324;322;327;321;331;329;328;283;281;280;282;279;341;342;343;332;344;340;339;338;337;336;274;278;275;277;276;289;286;267;268;269;273;351;271;270;360;260;261;262;255;257;256;258;379;149;150;151;388;387;386;385;430;384;383;382;381;380;420;421;423;425;424;431;426;427;429;486;487;433;432;434;153;152;148;170;171;172;173;174;175;176;178;179;180;186;177;181;182;183;184;185;162;161;160;159;504;503;502;158;157;154;155;156;501;498;500;499;496;497;495;494;493;435;488;489;490;492;491;518;517;516;522;519;459;458;455;456;457;460;520;521;524;523;515;514;525;526;527;528;529;535;536;537;538;509;510;511;512;513;508;507;165;505;506;163;164;202;204;205;203;201;200;199;197;198;196;208;209;210;211;212;213;214;230;231;233;232;229;215;222;223;221;224;225;226;227;228;220;218;219;207;206;194;193;195;191;190;192;189;187;188;216;217;665;107;108;109;110;112;111;113;114;115;106;105;116;104;103;102;125;117;118;119;120;121;122;123;124;128;127;126;136;137;101;100;99;98;97;96;94;93;95;92;91;89;90;86;82;87;88;71;70;69;67;66;68;65;64;63;60;62;61;59;58;57;56;55;54;53;52;28;25;23;22;20;21;24;27;26;31;30;29;10;11;8;9;6;7;19;5;18;4;3;2;1;478;480;479;484;623;624;625;626;627;630;629;628;631;622;632;633;634;600;599;607;598;608;611;610;609;605;604;603;612;614;616;615;613;617;618;621;620;485;619;481;483;482;477;476;474;475;602;473;469;471;470;472;530;531;532;534;533;539;543;540;542;541;547;550;553;554;556;558;557;555;551;548;552;549;544;545;559;601;560;561;562;546;563;565;564;573;567;566;606;568;569;570;572;571;574;577;578;575;576;579;581;580;582;583;584;590;585;640;641;642;643;648;649;650;651;644;645;646;647;639;593;592;591;589;587;588;597;596;595;594;635;636;638;637;658;657;656;655;654;652;653;659;660;662;661;663;664;586;
Melhor Alcançado;336580.000000; Geração;5
Qtde de Entradas Recursivas;0; Qtde Execuções Recursivas;0; Qtde Execuções das Combinações;0



