Instância;./files/gr666.xml
Execução;24 / 25
Tamanho da Populaçap;200
Máximo de gerações;300
Mutação;6
Cruzamento;2
% Manpulação;30
% Mutação;2
Print Parcial;1
Ativa Recursivo;0
Percentual de Redução;78
Profundidade Máxima;100
Percentual de Eltismo;70
Seleção para Cruzamento;0
Forma de Seleção par Mutação;1

Geração 1 / 300:;Profundidade;0;Melhor;407515.000000;Pior;4669446.000000;Media;4338355.665000;Tempo;3488.000000
Geração 2 / 300:;Profundidade;0;Melhor;345064.000000;Pior;4684632.000000;Media;4223641.340000;Tempo;6985.000000
Geração 3 / 300:;Profundidade;0;Melhor;333647.000000;Pior;4643675.000000;Media;4113075.730000;Tempo;10420.000000
Geração 4 / 300:;Profundidade;0;Melhor;328945.000000;Pior;4598295.000000;Media;3974486.830000;Tempo;13866.000000
Geração 5 / 300:;Profundidade;0;Melhor;327102.000000;Pior;4626075.000000;Media;3841878.935000;Tempo;17252.000000
Temmpo de execução;17252.000000
melhor;327102.000000
Individuo;0;464;463;465;462;461;449;448;450;447;437;436;312;310;311;316;319;317;318;320;322;323;324;314;313;315;439;438;440;442;443;445;451;452;453;454;455;456;457;460;520;521;524;525;526;528;527;471;470;472;530;529;535;533;532;531;534;536;537;538;509;510;511;512;514;523;515;522;516;517;518;519;459;458;491;492;494;495;496;497;499;500;498;501;156;157;154;155;435;493;490;489;488;486;429;428;416;446;412;411;413;414;415;426;427;431;424;425;430;432;433;487;434;153;388;386;387;385;384;383;423;421;420;382;381;380;258;379;149;150;151;152;148;182;181;170;171;172;166;138;167;168;169;174;173;175;176;177;178;179;180;187;190;189;192;188;186;183;184;185;162;191;195;193;194;206;207;196;197;199;198;200;205;204;203;201;164;163;160;161;158;159;504;503;502;513;508;505;506;507;165;202;233;231;230;232;229;214;213;212;208;209;210;211;221;222;223;215;225;224;226;227;228;220;218;219;216;217;108;107;665;640;647;639;585;592;593;636;638;646;645;644;642;641;643;648;650;649;651;662;664;663;661;659;660;653;652;654;655;656;637;657;658;635;634;600;608;599;597;596;595;594;591;588;589;590;586;584;583;582;581;580;579;578;577;574;575;576;587;571;572;573;564;563;565;567;566;606;568;570;569;598;607;609;611;610;613;617;618;615;616;614;612;603;605;604;602;601;560;562;561;546;549;552;548;551;555;556;557;558;554;553;550;547;541;542;540;539;543;544;545;559;473;469;468;466;467;474;475;476;619;485;620;621;622;633;632;631;630;628;629;627;626;625;624;623;484;483;482;481;477;480;479;478;2;1;3;4;5;18;19;7;6;9;8;11;10;29;30;32;31;26;27;24;20;21;22;23;25;28;52;53;57;54;56;55;59;58;61;62;60;63;64;65;66;67;68;69;70;71;88;87;82;86;90;89;91;92;95;93;94;96;97;98;99;100;101;103;104;116;114;113;115;105;106;109;110;112;111;118;119;120;121;122;123;124;125;117;102;137;136;126;127;128;129;130;131;132;133;134;135;83;84;85;81;80;79;77;78;76;74;75;73;72;51;50;49;44;39;40;35;34;33;38;37;36;41;43;42;48;47;46;45;13;12;14;15;16;17;308;309;307;301;300;299;295;296;298;297;306;305;304;303;302;284;263;264;266;259;254;253;248;245;246;247;249;236;235;234;140;139;141;142;143;144;145;238;237;241;240;239;146;147;243;242;250;251;244;252;255;257;256;375;370;262;260;261;360;361;270;271;351;273;269;268;267;285;288;287;290;291;292;294;293;289;286;276;277;275;278;280;281;282;279;274;336;338;340;342;344;343;341;339;337;352;354;357;353;356;272;363;362;364;371;372;376;377;378;373;374;418;419;417;369;368;404;406;408;422;410;409;407;405;444;399;395;394;393;397;402;398;403;367;366;365;359;355;358;400;401;350;349;348;347;346;333;345;332;283;328;329;330;326;325;327;321;331;334;335;389;396;392;391;390;441;265;
Melhor Alcançado;327102.000000; Geração;5
Qtde de Entradas Recursivas;0; Qtde Execuções Recursivas;0; Qtde Execuções das Combinações;0



