Instância;./files/gr666.xml
Execução;10 / 25
Tamanho da Populaçap;200
Máximo de gerações;300
Mutação;6
Cruzamento;1
% Manpulação;30
% Mutação;2
Print Parcial;1
Ativa Recursivo;0
Percentual de Redução;78
Profundidade Máxima;100
Percentual de Eltismo;70
Seleção para Cruzamento;0
Forma de Seleção par Mutação;1

Geração 1 / 300:;Profundidade;0;Melhor;405840.000000;Pior;4991379.000000;Media;4399061.390000;Tempo;3491.000000
Geração 2 / 300:;Profundidade;0;Melhor;346908.000000;Pior;5019178.000000;Media;4330909.310000;Tempo;6967.000000
Geração 3 / 300:;Profundidade;0;Melhor;333217.000000;Pior;5138898.000000;Media;4228423.055000;Tempo;10424.000000
Geração 4 / 300:;Profundidade;0;Melhor;329635.000000;Pior;5028744.000000;Media;4138758.355000;Tempo;13827.000000
Geração 5 / 300:;Profundidade;0;Melhor;327817.000000;Pior;5109084.000000;Media;3999583.375000;Tempo;17313.000000
Temmpo de execução;17313.000000
melhor;327817.000000
Individuo;0;309;308;307;301;300;318;317;316;319;322;320;321;327;325;326;330;329;331;334;347;335;389;392;391;390;441;395;443;442;440;324;323;314;313;315;439;438;312;311;310;436;437;463;464;477;480;478;1;2;3;4;5;18;19;20;21;22;23;25;28;52;53;54;56;57;55;60;59;58;61;62;63;66;67;68;69;65;64;72;49;50;51;75;74;76;77;78;79;80;85;81;86;82;87;88;71;70;92;94;95;93;91;89;90;96;97;98;99;100;101;103;102;104;116;115;105;106;664;663;661;662;660;659;479;484;482;481;483;623;625;624;626;627;629;630;628;485;619;618;617;620;621;622;631;632;633;634;600;599;608;609;610;611;613;615;616;614;612;603;605;604;602;475;476;474;467;466;465;468;462;461;450;449;448;447;451;456;457;455;452;453;454;446;445;412;411;413;414;415;429;428;416;486;488;489;490;492;491;494;493;435;495;496;497;499;498;501;500;155;154;157;156;158;160;161;162;184;185;183;148;170;182;181;177;176;178;179;180;186;187;190;189;188;192;191;195;193;194;206;207;219;218;220;216;217;228;227;226;224;225;215;223;222;221;211;214;213;212;210;209;208;196;197;198;199;200;201;204;205;203;231;230;229;232;233;202;164;165;506;507;508;505;163;159;504;503;502;513;512;511;510;509;526;525;524;515;523;514;516;517;518;522;519;459;458;460;520;521;527;528;529;535;537;538;536;541;547;550;553;554;556;557;558;555;551;548;552;549;559;545;544;543;542;540;539;532;533;534;531;530;471;472;470;469;473;601;560;546;561;562;563;606;567;566;565;564;573;572;571;569;570;568;607;598;597;596;595;594;588;587;575;574;577;578;576;579;580;581;582;583;584;586;589;590;591;592;585;639;593;636;635;658;657;656;637;638;646;647;640;641;643;642;644;645;655;654;652;653;651;649;648;650;665;107;108;109;110;112;111;113;114;117;119;118;120;121;122;123;124;128;127;125;126;137;136;84;83;135;134;133;129;130;131;132;138;167;168;169;173;175;174;172;171;166;139;141;143;142;144;145;238;237;240;241;239;146;147;149;151;152;153;434;487;433;432;430;425;431;427;426;424;423;420;421;422;410;409;408;406;407;405;444;399;394;393;398;397;402;396;401;400;350;349;348;346;345;333;328;283;332;343;341;342;344;340;339;338;337;336;274;278;275;279;282;281;280;277;276;269;268;266;267;289;286;285;288;287;290;292;291;293;294;295;298;299;296;297;305;306;304;303;302;284;263;264;265;253;259;254;260;261;360;361;270;362;364;363;272;271;273;351;356;357;353;352;354;355;358;359;365;366;367;403;404;368;369;419;418;417;374;373;372;376;378;377;380;381;382;383;384;385;386;388;387;150;379;258;375;371;370;262;256;257;255;252;244;251;250;242;243;245;246;247;248;249;236;235;140;234;17;16;45;14;15;13;11;6;7;9;8;10;29;30;31;32;39;38;36;37;41;12;46;47;48;42;43;44;40;35;34;33;27;26;24;73;
Melhor Alcançado;327817.000000; Geração;5
Qtde de Entradas Recursivas;0; Qtde Execuções Recursivas;0; Qtde Execuções das Combinações;0



