Instância;./files/gr666.xml
Execução;11 / 25
Tamanho da Populaçap;200
Máximo de gerações;300
Mutação;6
Cruzamento;3
% Manpulação;30
% Mutação;2
Print Parcial;1
Ativa Recursivo;0
Percentual de Redução;78
Profundidade Máxima;100
Percentual de Eltismo;70
Seleção para Cruzamento;0
Forma de Seleção par Mutação;1

Geração 1 / 300:;Profundidade;0;Melhor;394608.000000;Pior;4738503.000000;Media;4363324.005000;Tempo;3473.000000
Geração 2 / 300:;Profundidade;0;Melhor;347315.000000;Pior;4792255.000000;Media;4281579.375000;Tempo;6905.000000
Geração 3 / 300:;Profundidade;0;Melhor;332523.000000;Pior;4803386.000000;Media;4203624.745000;Tempo;10321.000000
Geração 4 / 300:;Profundidade;0;Melhor;329323.000000;Pior;4792134.000000;Media;4114863.815000;Tempo;13667.000000
Geração 5 / 300:;Profundidade;0;Melhor;327397.000000;Pior;4771513.000000;Media;3993057.160000;Tempo;17080.000000
Temmpo de execução;17080.000000
melhor;327397.000000
Individuo;0;464;477;480;478;479;484;623;482;483;485;618;619;481;476;475;474;467;466;465;468;469;473;470;471;472;528;527;530;529;535;538;537;536;534;533;531;532;539;540;559;560;601;545;544;543;542;541;547;550;553;554;556;558;557;555;551;548;552;549;546;561;562;563;565;564;573;572;571;569;570;567;566;568;606;605;604;602;603;614;612;609;610;611;613;615;616;617;620;621;622;628;624;625;626;627;629;630;631;632;633;634;600;608;599;607;598;597;595;596;594;635;592;593;639;585;590;584;583;586;589;591;588;587;576;577;574;575;578;579;581;580;582;640;647;641;642;644;643;648;649;650;651;652;654;655;645;646;638;636;637;656;657;658;659;660;653;662;661;663;664;665;107;108;109;110;112;111;113;114;115;105;106;116;104;100;101;103;102;126;125;117;118;119;120;121;122;123;124;128;127;129;130;131;132;134;133;135;83;85;84;136;137;99;98;97;96;94;93;95;92;91;89;90;88;87;82;86;81;80;79;78;77;76;74;75;71;70;69;68;65;67;66;63;64;72;73;51;50;49;44;40;35;55;58;59;60;62;61;57;56;54;53;52;28;27;25;23;22;20;21;18;5;4;3;2;1;309;11;10;8;9;6;7;19;24;26;33;34;39;38;32;31;30;29;36;37;43;41;42;48;47;46;12;13;15;14;45;16;17;308;307;301;300;318;319;317;316;311;310;436;312;437;463;461;462;449;450;456;457;455;454;446;412;414;413;411;407;405;406;409;408;410;422;421;420;423;383;384;382;381;380;258;257;256;255;262;260;261;270;361;360;370;375;371;372;376;377;378;373;374;418;417;419;369;367;404;368;403;402;397;398;444;399;395;394;393;396;401;400;358;359;366;365;364;362;363;272;271;273;351;356;357;353;354;355;346;349;350;348;347;334;335;389;392;391;390;441;442;443;445;453;452;451;448;447;438;440;439;315;313;314;323;324;322;320;321;327;325;326;330;331;329;328;333;345;352;337;338;339;340;341;343;342;344;332;283;281;282;280;278;279;336;274;275;277;276;269;268;267;286;289;285;287;288;290;293;292;291;294;295;299;298;296;297;305;306;304;302;303;284;263;265;264;266;259;254;253;248;247;246;241;240;239;237;145;238;235;236;249;234;140;139;166;167;138;168;169;174;175;173;172;171;170;182;181;176;178;177;179;186;180;187;190;189;192;188;216;217;228;220;219;218;207;206;194;193;195;191;162;185;184;183;148;141;142;143;144;146;242;243;245;252;244;251;250;147;149;379;150;387;386;385;388;151;152;153;434;433;432;430;425;424;426;431;427;415;416;428;429;486;487;488;490;489;493;435;154;157;156;155;501;498;500;499;496;497;495;494;492;491;518;516;522;519;459;458;460;520;521;524;523;515;514;525;526;509;510;511;512;513;508;233;231;232;230;229;214;215;225;226;227;224;223;221;222;211;212;213;210;209;208;196;197;199;198;200;201;205;204;203;202;164;165;507;506;505;163;161;160;159;503;502;504;158;517;
Melhor Alcançado;327397.000000; Geração;5
Qtde de Entradas Recursivas;0; Qtde Execuções Recursivas;0; Qtde Execuções das Combinações;0



