Instância;./files/gr666.xml
Execução;14 / 25
Tamanho da Populaçap;200
Máximo de gerações;300
Mutação;6
Cruzamento;2
% Manpulação;30
% Mutação;2
Print Parcial;1
Ativa Recursivo;0
Percentual de Redução;78
Profundidade Máxima;100
Percentual de Eltismo;70
Seleção para Cruzamento;0
Forma de Seleção par Mutação;1

Geração 1 / 300:;Profundidade;0;Melhor;411591.000000;Pior;4711752.000000;Media;4346759.110000;Tempo;3491.000000
Geração 2 / 300:;Profundidade;0;Melhor;362792.000000;Pior;4696886.000000;Media;4254118.470000;Tempo;6928.000000
Geração 3 / 300:;Profundidade;0;Melhor;342071.000000;Pior;4609230.000000;Media;4100320.170000;Tempo;10372.000000
Geração 4 / 300:;Profundidade;0;Melhor;335103.000000;Pior;4633884.000000;Media;3965070.565000;Tempo;13911.000000
Geração 5 / 300:;Profundidade;0;Melhor;333311.000000;Pior;4554496.000000;Media;3813824.095000;Tempo;17296.000000
Temmpo de execução;17296.000000
melhor;333311.000000
Individuo;0;310;311;316;319;317;318;300;301;307;308;309;17;16;45;15;14;13;12;41;36;37;43;42;48;47;46;49;44;39;38;26;24;20;21;22;23;25;27;28;52;53;54;56;57;61;62;60;59;58;55;63;64;65;68;66;67;69;70;71;88;90;89;91;93;94;96;137;126;125;117;118;119;120;121;127;128;124;123;122;217;129;130;131;132;133;134;135;136;84;83;85;81;80;79;86;87;82;78;77;76;74;75;51;50;73;72;40;35;34;33;32;31;30;29;10;11;8;9;4;6;7;19;18;5;1;2;3;478;479;480;477;474;475;476;614;616;615;612;609;610;611;613;617;618;620;621;485;619;481;482;483;484;623;625;624;628;626;627;629;630;631;632;633;622;634;599;600;608;607;598;597;596;595;594;635;636;637;638;656;657;658;659;660;653;662;661;663;664;92;95;97;98;99;100;101;102;103;104;116;105;106;115;114;113;111;110;112;109;108;107;665;649;648;650;651;652;654;655;645;646;644;643;642;641;640;647;639;593;592;591;585;584;590;589;586;583;582;581;580;579;578;577;574;575;576;587;588;572;571;570;569;573;564;565;566;567;568;606;605;604;603;602;473;468;469;471;470;472;530;531;540;539;532;533;534;542;543;544;545;559;560;601;563;562;561;546;549;552;548;551;555;558;556;557;554;553;550;547;541;538;537;536;535;529;528;527;526;510;509;508;507;505;506;165;164;202;233;231;230;232;229;214;212;213;204;205;203;201;200;199;198;197;196;208;209;210;211;221;222;224;223;215;225;226;227;228;220;218;219;216;207;206;193;194;195;191;162;161;160;163;159;158;503;504;502;513;512;511;525;514;523;515;516;517;518;522;524;521;520;460;458;459;519;491;492;490;494;489;493;435;497;495;496;499;501;498;500;155;156;157;154;153;434;487;488;486;429;416;415;428;454;446;445;412;411;414;413;426;427;424;431;433;432;430;425;384;383;423;420;421;422;409;410;407;405;444;399;394;395;440;442;443;447;448;449;451;452;453;455;456;457;450;461;462;465;466;467;464;463;436;437;312;438;439;315;313;314;323;322;320;324;441;390;391;392;396;393;397;398;402;403;368;404;406;408;419;369;367;366;418;417;374;373;378;376;377;372;371;370;262;261;260;255;257;256;375;258;379;150;387;380;382;381;385;386;388;152;151;149;147;146;243;245;248;249;247;246;236;235;234;140;139;138;168;166;167;169;174;175;173;172;171;170;182;181;176;177;178;179;180;186;188;192;190;189;187;183;184;185;148;141;143;142;144;145;238;237;239;240;241;242;250;251;244;252;254;253;259;266;265;264;263;284;302;303;304;305;306;297;296;298;299;295;291;292;293;294;290;289;286;276;277;275;278;282;281;280;279;274;336;339;344;343;342;341;340;338;337;273;271;351;272;356;357;353;352;354;355;400;401;350;349;348;347;334;335;389;321;327;325;326;331;330;329;333;328;283;332;345;346;358;359;365;364;363;362;360;361;270;269;268;267;288;285;287;
Melhor Alcançado;333311.000000; Geração;5
Qtde de Entradas Recursivas;0; Qtde Execuções Recursivas;0; Qtde Execuções das Combinações;0



