Instância;./files/gr666.xml
Execução;15 / 25
Tamanho da Populaçap;200
Máximo de gerações;300
Mutação;6
Cruzamento;3
% Manpulação;30
% Mutação;2
Print Parcial;1
Ativa Recursivo;0
Percentual de Redução;78
Profundidade Máxima;100
Percentual de Eltismo;70
Seleção para Cruzamento;0
Forma de Seleção par Mutação;1

Geração 1 / 300:;Profundidade;0;Melhor;415588.000000;Pior;4855470.000000;Media;4367726.470000;Tempo;3479.000000
Geração 2 / 300:;Profundidade;0;Melhor;358651.000000;Pior;4919549.000000;Media;4296161.495000;Tempo;6930.000000
Geração 3 / 300:;Profundidade;0;Melhor;344392.000000;Pior;4795413.000000;Media;4203041.780000;Tempo;10326.000000
Geração 4 / 300:;Profundidade;0;Melhor;339099.000000;Pior;4761540.000000;Media;4137093.625000;Tempo;13671.000000
Geração 5 / 300:;Profundidade;0;Melhor;338390.000000;Pior;4737953.000000;Media;4021354.100000;Tempo;17064.000000
Temmpo de execução;17064.000000
melhor;338390.000000
Individuo;0;309;307;308;11;9;8;7;6;1;2;3;4;5;18;19;24;20;21;22;23;25;27;28;52;53;54;56;57;55;60;59;58;61;62;63;65;67;66;68;69;70;92;95;93;94;96;97;98;100;99;137;126;102;103;101;104;116;117;125;127;128;124;123;122;121;119;120;118;111;112;110;109;113;114;115;105;106;107;108;217;216;188;192;190;189;187;186;180;179;178;177;176;171;172;175;174;173;169;168;166;167;138;130;129;131;132;133;134;135;83;136;84;85;81;80;79;86;90;91;89;71;88;87;82;78;77;76;75;74;51;50;73;72;64;40;35;34;33;26;32;31;30;10;29;36;37;38;39;49;44;43;41;12;42;48;47;46;45;14;13;15;16;17;234;140;139;141;142;143;144;145;238;237;240;239;241;235;236;249;247;246;243;242;146;148;170;181;182;183;184;185;162;191;195;193;194;206;207;196;197;199;198;200;201;203;205;204;213;214;212;209;208;210;211;219;220;218;228;227;226;224;223;221;222;225;215;229;230;232;231;233;202;164;165;507;508;505;506;163;161;160;159;503;504;502;158;156;155;157;154;435;497;498;501;500;499;496;495;494;490;489;493;488;486;429;415;413;422;410;409;408;406;404;369;417;374;418;419;420;421;423;384;383;382;381;385;386;388;387;380;378;372;373;376;377;258;375;371;370;257;256;255;262;260;261;270;361;360;362;364;363;272;356;357;353;351;271;273;274;336;279;341;343;332;344;342;340;339;338;337;352;354;355;358;359;365;366;367;368;403;402;398;397;396;392;391;390;441;440;443;442;395;394;393;399;444;405;407;411;414;412;445;446;454;416;428;427;431;426;424;425;430;432;433;487;434;153;152;151;150;379;149;147;250;251;244;254;252;245;248;253;259;265;264;263;284;302;303;304;305;306;297;299;298;296;295;294;293;292;291;290;287;288;285;289;286;267;266;268;269;276;275;277;278;280;282;281;283;328;333;345;346;350;400;401;349;348;347;334;335;389;331;329;330;326;325;327;321;320;318;317;300;301;316;319;322;323;324;314;313;315;439;438;437;312;311;310;436;463;464;467;466;473;469;468;465;462;461;449;450;448;447;451;452;453;455;456;457;458;459;491;492;518;522;516;517;519;460;520;521;524;525;515;514;523;513;512;511;510;509;526;527;528;471;470;472;530;529;535;538;537;536;534;532;533;531;539;540;542;541;547;550;548;551;553;554;558;556;557;555;552;549;544;543;545;559;601;560;546;561;562;563;564;573;574;577;575;576;578;579;580;581;582;583;584;586;589;587;588;571;572;570;569;567;565;566;568;606;605;604;602;603;609;612;614;615;616;475;474;476;477;480;478;479;484;623;483;482;481;619;618;485;624;625;626;628;629;627;630;631;632;634;633;622;621;620;617;613;610;611;608;600;599;607;598;597;596;595;594;591;590;647;640;639;585;592;593;636;635;658;657;656;637;638;646;645;644;642;641;643;649;648;650;651;655;654;652;653;659;660;662;661;663;664;665;
Melhor Alcançado;338390.000000; Geração;5
Qtde de Entradas Recursivas;0; Qtde Execuções Recursivas;0; Qtde Execuções das Combinações;0



