Instância;./files/gr666.xml
Execução;13 / 25
Tamanho da Populaçap;200
Máximo de gerações;300
Mutação;6
Cruzamento;4
% Manpulação;30
% Mutação;2
Print Parcial;1
Ativa Recursivo;0
Percentual de Redução;78
Profundidade Máxima;100
Percentual de Eltismo;70
Seleção para Cruzamento;0
Forma de Seleção par Mutação;1

Geração 1 / 300:;Profundidade;0;Melhor;405740.000000;Pior;4614274.000000;Media;4347574.730000;Tempo;3495.000000
Geração 2 / 300:;Profundidade;0;Melhor;357659.000000;Pior;4705322.000000;Media;4227300.750000;Tempo;6933.000000
Geração 3 / 300:;Profundidade;0;Melhor;343666.000000;Pior;4568029.000000;Media;4071029.565000;Tempo;10356.000000
Geração 4 / 300:;Profundidade;0;Melhor;338974.000000;Pior;4585184.000000;Media;3942592.760000;Tempo;13799.000000
Geração 5 / 300:;Profundidade;0;Melhor;338769.000000;Pior;4637713.000000;Media;3767456.735000;Tempo;17212.000000
Temmpo de execução;17212.000000
melhor;338769.000000
Individuo;0;309;2;3;1;4;6;8;10;11;9;7;18;5;19;24;26;31;30;29;36;37;43;41;42;12;48;46;47;45;13;14;15;16;17;308;307;301;300;299;296;295;294;293;291;292;290;287;288;285;289;286;267;266;268;269;270;260;262;261;360;361;362;363;364;359;365;366;358;355;354;357;356;272;271;273;351;353;352;345;333;332;344;341;343;342;340;339;338;337;336;274;275;276;277;278;279;282;280;281;283;328;329;325;326;330;331;321;327;320;322;324;323;314;315;438;439;440;442;443;445;451;456;455;453;452;447;448;449;450;461;462;465;468;469;473;601;560;559;544;545;543;548;552;549;562;546;561;563;564;565;573;567;566;568;606;605;604;602;603;609;612;614;616;615;613;610;611;621;620;617;618;619;485;628;630;627;629;631;622;632;633;634;600;608;599;598;607;569;570;571;572;574;577;575;576;578;579;581;580;582;583;586;588;587;589;590;584;585;639;647;640;641;646;645;644;642;643;648;649;650;651;655;654;652;653;658;657;656;637;638;636;593;592;591;594;596;595;597;635;626;625;624;623;484;479;478;480;477;482;483;481;476;474;475;467;466;464;463;437;436;312;310;311;316;319;317;318;298;297;305;306;304;303;302;284;263;264;265;259;253;254;252;245;247;246;248;249;236;235;237;239;240;241;238;145;144;142;143;141;140;234;139;166;168;138;167;169;173;174;175;176;178;186;180;179;177;172;171;170;181;182;148;152;153;434;487;433;432;430;431;427;426;424;425;383;384;382;381;380;387;385;386;388;151;150;379;149;147;146;243;242;250;251;244;255;256;257;370;371;375;258;377;376;372;373;378;374;417;418;419;369;404;368;367;403;402;397;398;393;396;401;400;350;349;348;347;346;334;335;389;392;391;390;441;395;394;399;444;405;406;410;422;421;423;420;408;409;407;411;413;414;412;446;454;416;415;428;429;486;488;490;489;493;435;155;154;157;156;501;498;500;499;496;497;495;494;492;491;459;458;457;460;519;518;517;516;522;520;521;524;525;515;523;514;513;512;511;510;509;526;528;527;471;470;472;530;531;529;535;536;538;537;534;533;532;539;540;542;541;547;550;553;551;555;554;556;557;558;233;231;232;230;229;214;215;222;223;224;225;226;227;228;220;218;219;221;211;212;213;210;209;208;196;207;206;194;193;195;197;199;198;200;201;203;205;204;202;164;165;508;507;505;506;163;504;503;502;158;159;160;161;162;191;185;184;183;187;189;190;192;188;216;217;665;108;107;106;115;105;114;113;109;110;112;111;118;119;122;124;123;121;120;117;125;126;127;128;129;131;130;132;134;133;135;136;83;84;85;81;80;79;78;77;76;74;75;86;82;87;88;71;89;90;91;93;94;96;137;102;103;116;104;100;101;99;98;97;95;92;70;69;68;65;67;66;62;61;57;56;55;58;59;60;63;64;72;73;50;51;49;44;40;39;38;32;33;34;35;54;53;52;28;27;25;23;22;20;21;659;660;662;661;663;664;313;
Melhor Alcançado;338769.000000; Geração;5
Qtde de Entradas Recursivas;0; Qtde Execuções Recursivas;0; Qtde Execuções das Combinações;0



