Instância;files/gr666.xml
Execução;2 / 3
Tamanho da Populaçap;200
Máximo de gerações;300
Mutação;5
Cruzamento;10
% Manpulação;30
% Mutação;20
Print Parcial;1
Ativa Recursivo;0
Percentual de Redução;77
Profundidade Máxima;5
Percentual de Eltismo;70
Seleção para Cruzamento;0
Forma de Seleção par Mutação;1

Geração 1 / 300:;Profundidade;0;Melhor;3189189.000000;Pior;4516413.000000;Media;4085237.800000;Tempo;2307.000000
Geração 2 / 300:;Profundidade;0;Melhor;2293179.000000;Pior;4434944.000000;Media;3634972.435000;Tempo;4565.000000
Temmpo de execução;4565.000000
melhor;2293179.000000
Individuo;0;1;5;34;35;313;514;581;606;211;210;209;208;437;452;453;454;422;421;420;419;301;15;14;13;12;30;31;104;116;115;226;173;275;561;638;642;577;578;579;436;185;186;195;484;167;166;76;49;48;47;46;45;44;43;126;125;124;92;93;40;39;38;52;53;149;150;465;466;467;468;469;512;513;322;412;492;493;302;307;308;309;310;298;387;388;324;325;389;405;406;407;408;409;410;411;399;400;91;223;165;369;418;376;363;143;447;448;449;450;451;460;455;269;181;137;113;102;103;114;108;4;59;58;57;356;357;431;403;404;391;327;328;25;24;291;292;66;67;68;69;351;188;402;267;268;187;179;423;473;472;498;153;152;383;221;511;336;277;278;457;515;591;592;36;64;73;72;71;117;660;659;658;657;497;527;200;199;378;377;417;487;42;41;134;135;552;553;229;564;56;95;94;158;96;97;54;100;99;529;528;572;573;574;575;576;565;566;207;361;362;157;156;155;358;563;481;394;274;550;551;594;549;488;169;168;264;526;393;297;604;605;601;474;482;483;617;198;197;650;649;648;647;646;475;178;236;281;463;462;583;8;7;547;112;105;65;643;119;90;535;98;121;120;476;479;480;548;81;82;19;18;17;16;233;213;212;194;382;70;77;78;79;80;147;146;86;2;55;84;83;252;253;254;299;300;184;220;316;458;534;245;136;227;228;645;20;11;10;9;163;214;215;216;623;624;625;626;636;628;661;662;663;664;665;154;23;639;509;510;201;123;589;590;562;615;633;631;630;629;349;616;641;651;652;360;379;331;330;329;204;219;26;27;33;32;635;644;74;75;106;107;640;217;110;109;279;6;257;602;603;434;433;148;435;3;478;554;530;370;371;293;172;171;614;230;21;22;174;426;234;235;459;432;586;290;218;559;231;175;176;177;122;85;180;87;88;89;196;653;282;332;202;508;557;353;580;627;366;151;438;182;183;582;634;555;519;632;536;486;384;142;141;140;520;521;522;523;524;541;471;470;160;161;491;237;238;439;346;338;354;355;442;441;440;239;240;241;242;276;271;272;392;350;390;456;395;337;344;280;334;333;266;490;385;348;347;326;397;396;367;335;265;289;273;489;398;525;246;247;248;249;250;251;365;244;260;261;243;306;305;304;287;288;518;517;585;584;622;621;620;619;618;413;414;415;416;262;352;507;506;505;504;461;222;170;401;368;386;294;446;445;256;255;499;372;373;323;542;162;343;427;315;314;319;320;321;270;139;138;192;206;205;540;560;588;556;543;570;569;568;567;571;477;464;613;612;611;610;609;608;607;444;443;364;342;341;340;263;318;317;494;495;496;428;429;430;381;380;374;375;516;424;425;303;339;285;284;283;533;532;531;558;203;232;656;655;654;29;28;111;101;60;61;62;63;37;312;311;637;593;587;544;545;546;500;501;502;503;345;259;258;538;537;539;595;596;597;598;599;600;145;295;296;144;51;50;118;164;359;286;189;190;191;193;159;224;225;131;130;129;128;127;133;132;485;
Melhor Alcançado;1000000.000000; Geração;33
Qtde de Entradas Recursivas;0; Qtde Execuções Recursivas;0; Qtde Execuções das Combinações;0



