Instância;files/gr666.xml
Execução;2 / 3
Tamanho da Populaçap;200
Máximo de gerações;300
Mutação;5
Cruzamento;4
% Manpulação;30
% Mutação;20
Print Parcial;1
Ativa Recursivo;0
Percentual de Redução;77
Profundidade Máxima;5
Percentual de Eltismo;70
Seleção para Cruzamento;0
Forma de Seleção par Mutação;1

Geração 1 / 300:;Profundidade;0;Melhor;4128053.000000;Pior;4685659.000000;Media;4424515.905000;Tempo;2311.000000
Geração 2 / 300:;Profundidade;0;Melhor;4088930.000000;Pior;4640607.000000;Media;4377597.750000;Tempo;4611.000000
Temmpo de execução;4611.000000
melhor;4088930.000000
Individuo;0;1;118;3;4;5;21;7;95;456;597;215;543;13;14;77;16;17;164;19;650;160;664;23;175;38;26;306;533;352;30;31;32;485;34;35;36;37;72;39;40;41;357;43;358;45;312;148;83;498;628;51;52;87;78;55;56;480;549;59;47;555;62;465;64;65;66;70;68;524;652;71;154;73;170;119;337;384;54;284;2;81;464;443;587;572;367;299;88;89;90;91;58;93;57;8;226;326;387;349;100;244;444;446;330;105;106;107;250;584;448;245;493;459;114;115;116;117;224;372;248;291;439;123;585;582;438;207;99;211;103;512;185;126;574;258;129;436;228;85;190;134;135;136;137;275;140;139;141;641;409;144;553;146;295;60;48;150;478;520;9;338;11;596;220;20;363;22;67;292;27;29;573;447;33;193;621;213;638;539;590;42;422;44;46;342;49;108;76;212;53;120;161;544;61;63;368;132;581;74;155;323;79;80;339;82;84;222;86;423;624;92;663;260;112;109;626;286;629;586;631;532;283;634;635;494;637;622;452;609;479;618;616;615;613;453;378;610;620;608;607;605;556;195;525;415;297;599;598;578;235;272;496;162;591;505;589;509;371;153;492;490;202;276;487;486;484;168;481;386;196;477;216;434;473;472;471;469;468;630;521;603;200;179;460;522;392;567;122;458;612;511;432;12;253;231;316;360;583;376;203;304;540;437;425;328;474;194;500;431;430;305;428;311;331;503;424;550;285;420;419;451;416;188;414;646;412;411;429;277;408;462;614;426;413;560;206;111;398;356;50;395;246;665;391;101;121;632;491;651;385;383;382;381;125;317;617;375;374;373;450;396;568;225;178;366;365;364;575;361;489;397;355;606;476;25;201;517;257;296;343;483;341;340;278;336;335;334;645;332;310;329;435;327;264;265;344;322;427;243;234;318;379;558;315;346;654;454;309;308;307;263;314;559;104;410;325;542;390;600;24;238;293;251;289;279;287;529;570;455;633;282;186;280;288;359;300;261;513;354;273;594;75;270;269;268;267;266;324;255;262;281;143;362;506;402;197;254;350;252;131;442;319;96;627;290;218;463;242;241;240;239;403;237;394;595;249;502;294;230;229;227;611;401;223;602;94;15;545;69;217;353;166;535;648;102;523;643;649;221;580;579;440;236;576;370;418;571;399;301;369;566;565;564;563;562;561;433;647;488;554;552;10;208;548;547;546;219;183;541;495;256;538;274;536;145;528;158;388;151;526;191;534;527;530;531;417;210;466;204;518;510;516;515;177;625;302;588;508;507;321;457;504;232;501;499;593;497;421;97;98;400;205;441;233;348;199;180;623;619;214;467;184;167;475;189;601;187;407;569;445;182;181;198;461;519;28;514;173;172;171;6;482;259;577;165;642;163;592;470;320;159;209;157;156;271;636;152;303;149;147;174;347;142;404;138;133;130;128;127;406;380;124;377;405;389;247;176;298;113;110;333;345;639;640;551;18;644;313;604;557;449;393;537;653;655;656;657;658;659;660;661;662;351;169;192;
Melhor Alcançado;1000000.000000; Geração;33
Qtde de Entradas Recursivas;0; Qtde Execuções Recursivas;0; Qtde Execuções das Combinações;0



