Instância;./files/gr666.xml
Execução;12 / 25
Tamanho da Populaçap;200
Máximo de gerações;300
Mutação;6
Cruzamento;3
% Manpulação;30
% Mutação;2
Print Parcial;1
Ativa Recursivo;0
Percentual de Redução;78
Profundidade Máxima;100
Percentual de Eltismo;70
Seleção para Cruzamento;0
Forma de Seleção par Mutação;1

Geração 1 / 300:;Profundidade;0;Melhor;393443.000000;Pior;4761009.000000;Media;4385018.580000;Tempo;3469.000000
Geração 2 / 300:;Profundidade;0;Melhor;343246.000000;Pior;4770057.000000;Media;4322980.135000;Tempo;6884.000000
Geração 3 / 300:;Profundidade;0;Melhor;336420.000000;Pior;4848521.000000;Media;4244496.510000;Tempo;10307.000000
Geração 4 / 300:;Profundidade;0;Melhor;332559.000000;Pior;4752506.000000;Media;4145550.995000;Tempo;13739.000000
Geração 5 / 300:;Profundidade;0;Melhor;331904.000000;Pior;4645840.000000;Media;4048946.670000;Tempo;17167.000000
Temmpo de execução;17167.000000
melhor;331904.000000
Individuo;0;309;308;307;301;300;317;318;319;320;321;327;325;326;330;329;331;389;335;392;396;397;402;403;401;350;349;347;334;348;346;345;333;328;283;281;282;280;279;278;276;277;275;274;336;339;341;343;342;332;344;340;338;337;273;271;351;272;357;356;353;352;354;355;358;359;365;366;367;368;404;369;417;419;418;374;373;372;376;378;377;375;371;370;262;261;260;360;361;364;363;362;270;269;268;267;289;286;285;287;288;290;293;291;292;294;295;298;299;296;297;305;306;304;303;302;284;263;264;265;266;259;253;254;252;245;246;247;248;249;236;235;238;237;241;240;239;145;143;142;141;144;146;242;243;250;147;251;244;255;256;257;258;380;379;150;149;151;152;388;386;385;387;381;383;384;382;420;421;423;424;425;430;432;433;434;153;154;158;156;157;155;500;501;498;499;435;497;496;495;494;493;488;489;490;454;446;416;428;429;486;487;431;426;427;415;414;413;411;410;409;422;408;406;407;405;398;393;391;390;441;324;322;323;314;313;438;315;439;440;442;443;395;394;399;444;412;445;447;451;452;453;455;456;457;458;459;491;492;518;517;516;522;523;515;514;525;524;521;520;519;460;527;526;509;510;511;512;513;502;503;504;159;163;506;505;507;508;165;164;160;161;162;185;184;183;148;170;182;181;177;176;178;179;180;186;187;188;192;189;190;191;195;194;193;206;207;196;197;199;198;200;201;205;204;203;202;233;231;232;230;229;214;213;209;208;210;212;211;221;224;223;222;215;225;226;227;228;220;219;218;216;217;108;107;109;110;112;113;111;118;119;120;121;122;124;123;128;127;126;125;117;102;103;104;116;114;115;105;106;664;663;661;662;660;659;479;482;483;484;623;624;625;626;627;629;628;630;631;635;658;657;656;655;654;653;652;651;650;649;648;665;640;647;641;642;643;644;645;646;638;637;636;593;592;639;585;590;589;591;594;596;595;597;588;587;586;583;584;582;581;580;579;576;575;578;577;574;573;572;571;570;569;606;568;567;566;565;564;563;562;561;601;560;559;545;543;544;546;549;552;548;551;555;556;558;557;554;553;550;547;541;542;540;539;532;531;533;534;536;537;538;535;529;528;530;472;470;471;469;473;602;604;605;603;612;614;615;616;617;613;611;610;609;607;598;608;600;599;634;633;632;622;621;620;618;485;619;481;476;475;474;467;466;465;468;462;461;449;450;448;437;312;316;311;310;436;463;464;477;480;478;2;1;3;4;5;18;19;7;6;9;8;11;10;30;29;36;37;43;41;42;48;47;46;12;13;15;14;45;16;17;234;140;139;166;171;172;175;174;173;169;168;167;138;131;130;129;132;133;134;135;83;85;84;136;137;99;96;95;94;93;91;89;90;88;87;82;86;81;80;79;78;77;76;74;75;73;72;50;51;49;44;40;35;34;33;39;38;32;31;26;24;21;20;22;23;25;27;28;52;53;54;55;56;57;58;59;61;62;60;63;64;65;67;66;68;69;70;71;92;97;98;101;100;400;
Melhor Alcançado;331904.000000; Geração;5
Qtde de Entradas Recursivas;0; Qtde Execuções Recursivas;0; Qtde Execuções das Combinações;0



