Instância;files/gr666.xml
Execução;3 / 3
Tamanho da Populaçap;200
Máximo de gerações;300
Mutação;5
Cruzamento;0
% Manpulação;30
% Mutação;20
Print Parcial;1
Ativa Recursivo;0
Percentual de Redução;77
Profundidade Máxima;5
Percentual de Eltismo;70
Seleção para Cruzamento;0
Forma de Seleção par Mutação;1

Geração 1 / 300:;Profundidade;0;Melhor;4087696.000000;Pior;4897946.000000;Media;4429101.860000;Tempo;2581.000000
Geração 2 / 300:;Profundidade;0;Melhor;4011494.000000;Pior;4779810.000000;Media;4397543.570000;Tempo;5174.000000
Temmpo de execução;5174.000000
melhor;4011494.000000
Individuo;0;160;468;493;4;496;6;527;8;10;11;418;339;14;297;16;12;19;20;21;22;302;24;304;430;27;28;29;30;220;289;34;35;36;37;38;39;42;43;44;46;366;106;50;51;225;646;517;332;55;56;58;60;243;394;105;514;79;497;370;68;69;70;167;72;414;74;124;77;78;172;25;18;15;478;642;87;298;89;90;533;544;93;299;322;356;173;98;83;482;459;202;103;112;63;466;329;108;109;110;111;311;113;115;116;555;118;119;345;424;208;440;274;409;17;76;131;132;134;271;153;574;407;142;542;152;200;147;566;416;435;151;260;498;626;492;257;157;145;159;215;161;513;595;543;73;96;664;88;404;358;528;169;170;171;97;175;176;300;179;180;261;320;589;126;367;371;1;402;460;242;165;638;197;198;146;201;102;205;206;515;130;184;210;363;212;231;316;188;472;207;219;222;393;189;376;343;227;228;183;614;213;252;233;342;313;427;428;429;501;431;432;395;434;95;185;524;438;439;123;387;442;325;445;495;447;448;632;349;452;217;454;455;536;458;563;596;65;258;463;204;101;352;467;629;469;470;216;473;474;133;140;120;211;604;481;280;137;162;485;486;487;177;665;209;581;397;562;446;421;66;417;129;91;53;503;372;381;507;508;413;510;290;512;484;346;224;661;168;518;519;520;64;522;523;344;587;526;319;545;546;547;548;549;444;521;552;553;453;506;433;558;379;75;561;114;193;564;565;567;355;163;570;571;471;573;310;575;576;577;378;579;40;582;583;584;578;586;590;591;592;305;585;488;408;598;31;138;464;602;359;353;606;635;449;86;610;611;612;613;609;451;616;617;323;619;620;593;622;236;624;26;273;203;628;630;516;364;135;634;122;121;248;422;420;419;511;80;194;335;412;411;144;141;406;347;49;249;285;117;275;268;465;155;396;62;245;392;391;390;389;655;502;386;321;348;251;384;505;380;13;423;81;375;374;373;2;154;369;529;441;238;361;360;293;59;357;67;504;279;351;350;178;240;33;148;477;226;654;341;340;618;336;182;334;333;54;331;330;462;328;237;539;324;425;139;509;7;608;317;214;315;314;196;461;104;489;309;41;307;605;599;303;296;557;94;158;284;23;164;368;401;436;3;288;287;410;500;85;282;281;256;278;277;276;400;398;272;399;269;190;267;266;265;377;263;181;405;259;107;156;291;253;232;383;250;235;264;247;244;354;166;241;382;239;365;308;255;641;636;187;283;639;640;221;223;643;199;645;483;127;556;476;301;651;652;475;45;312;437;657;362;659;660;100;662;663;554;218;525;494;150;531;5;658;580;9;388;234;426;286;337;648;647;52;644;649;560;403;125;650;637;633;32;47;443;600;499;136;84;195;99;625;623;621;149;415;48;615;480;186;338;318;607;306;479;603;601;61;385;192;594;627;92;229;270;588;295;568;82;71;491;326;656;292;653;246;490;572;541;569;294;262;631;450;457;559;128;174;254;551;550;327;57;143;597;540;230;538;537;456;535;534;191;532;530;
Melhor Alcançado;1000000.000000; Geração;149107912
Qtde de Entradas Recursivas;0; Qtde Execuções Recursivas;0; Qtde Execuções das Combinações;0



