Instância;./files/gr666.xml
Execução;18 / 25
Tamanho da Populaçap;200
Máximo de gerações;300
Mutação;6
Cruzamento;0
% Manpulação;30
% Mutação;2
Print Parcial;1
Ativa Recursivo;0
Percentual de Redução;78
Profundidade Máxima;100
Percentual de Eltismo;70
Seleção para Cruzamento;0
Forma de Seleção par Mutação;1

Geração 1 / 300:;Profundidade;0;Melhor;398299.000000;Pior;4900798.000000;Media;4372134.850000;Tempo;3582.000000
Geração 2 / 300:;Profundidade;0;Melhor;342817.000000;Pior;4932779.000000;Media;4258469.885000;Tempo;7083.000000
Geração 3 / 300:;Profundidade;0;Melhor;329414.000000;Pior;4973446.000000;Media;4129354.670000;Tempo;10603.000000
Geração 4 / 300:;Profundidade;0;Melhor;325044.000000;Pior;4928833.000000;Media;3978402.845000;Tempo;14102.000000
Geração 5 / 300:;Profundidade;0;Melhor;324104.000000;Pior;4832682.000000;Media;3818759.595000;Tempo;17575.000000
Temmpo de execução;17575.000000
melhor;324104.000000
Individuo;0;464;477;480;479;478;1;3;2;4;5;18;19;7;6;8;9;11;10;29;30;31;32;33;34;35;40;72;73;50;51;49;44;39;38;36;37;43;41;12;42;48;47;46;45;14;13;15;16;17;309;308;307;301;300;317;316;319;318;299;298;297;305;304;302;303;306;296;295;294;292;291;293;290;289;286;285;288;287;284;263;264;265;266;267;268;269;276;277;275;278;274;336;338;337;340;342;344;343;341;339;279;280;281;282;283;328;332;333;334;348;347;346;345;352;351;273;271;270;360;361;362;363;364;272;356;357;353;354;355;358;359;365;366;367;400;401;349;350;335;389;331;329;330;326;325;327;321;320;324;322;323;314;313;439;315;438;312;311;310;436;437;463;462;461;465;468;469;473;466;467;474;475;476;481;619;485;483;482;484;623;624;625;626;628;629;630;627;631;633;632;622;621;620;618;617;615;616;614;612;603;602;605;604;606;568;569;570;572;571;574;577;575;576;578;579;580;581;582;583;584;586;587;588;589;590;585;639;647;640;641;642;643;644;645;646;638;637;635;634;611;613;610;609;598;607;608;600;599;597;596;595;594;591;592;593;636;656;657;658;659;20;21;22;23;25;27;26;24;28;52;53;54;55;56;57;61;58;59;60;62;63;64;65;66;67;68;69;70;92;93;95;94;91;90;89;88;71;75;74;76;77;78;82;87;86;81;79;80;85;84;83;135;133;134;132;130;131;129;128;127;124;123;122;121;120;119;118;117;125;126;136;137;96;97;98;99;100;101;103;102;104;116;106;105;115;114;113;112;111;110;109;108;107;664;663;661;660;662;653;652;654;655;651;650;649;648;665;217;216;220;218;219;228;227;226;225;215;224;222;223;221;211;212;210;209;208;207;206;193;194;196;195;191;197;200;198;199;201;203;204;205;213;214;229;230;232;231;233;558;557;556;555;554;551;553;550;547;548;552;549;546;562;564;573;567;566;565;563;561;560;601;559;545;544;543;539;540;542;541;538;537;536;535;529;534;533;532;531;530;472;470;471;527;528;526;509;510;511;512;513;508;202;164;165;507;505;506;163;504;503;502;158;159;160;161;162;185;184;183;148;170;181;182;187;189;190;192;188;186;180;179;178;177;176;171;172;175;174;173;169;167;168;138;166;139;140;234;249;236;235;238;239;240;241;237;145;142;141;143;144;146;147;250;242;243;246;247;248;245;251;244;252;254;253;259;260;261;262;255;257;256;370;371;375;258;378;377;376;372;373;374;418;417;369;404;368;403;402;397;396;392;391;393;398;405;444;399;395;390;441;440;442;443;445;452;453;455;456;451;447;449;448;450;457;458;459;519;460;520;521;524;525;514;523;515;522;517;516;518;492;491;490;489;493;435;494;495;496;497;499;501;498;500;155;156;157;154;434;153;152;388;386;385;387;150;151;149;379;380;381;383;382;384;430;425;423;421;420;419;408;422;410;409;406;407;411;413;414;415;427;426;424;431;432;433;487;488;454;446;412;416;428;429;486;394;
Melhor Alcançado;324104.000000; Geração;5
Qtde de Entradas Recursivas;0; Qtde Execuções Recursivas;0; Qtde Execuções das Combinações;0



