Instância;./files/gr666.xml
Execução;1 / 25
Tamanho da Populaçap;200
Máximo de gerações;300
Mutação;6
Cruzamento;3
% Manpulação;30
% Mutação;2
Print Parcial;1
Ativa Recursivo;0
Percentual de Redução;78
Profundidade Máxima;100
Percentual de Eltismo;70
Seleção para Cruzamento;0
Forma de Seleção par Mutação;1

Geração 1 / 300:;Profundidade;0;Melhor;403463.000000;Pior;4845371.000000;Media;4373534.820000;Tempo;3756.000000
Geração 2 / 300:;Profundidade;0;Melhor;345730.000000;Pior;4775940.000000;Media;4308277.735000;Tempo;7456.000000
Geração 3 / 300:;Profundidade;0;Melhor;330989.000000;Pior;4757180.000000;Media;4208018.565000;Tempo;11157.000000
Geração 4 / 300:;Profundidade;0;Melhor;323597.000000;Pior;4757053.000000;Media;4093131.925000;Tempo;14853.000000
Temmpo de execução;14853.000000
melhor;323597.000000
Individuo;0;309;308;307;17;16;45;14;15;13;42;48;47;46;12;41;43;38;37;36;11;10;29;30;31;32;33;34;35;28;52;53;54;56;57;61;58;59;55;60;62;63;66;67;68;69;65;64;40;39;44;49;51;50;72;73;74;75;76;77;78;79;80;81;85;84;83;86;82;87;88;70;71;89;90;91;93;94;95;92;664;663;661;662;659;660;653;652;654;655;651;649;650;648;665;108;107;106;115;105;114;116;104;103;102;101;99;100;98;97;96;136;137;126;125;117;113;109;110;112;111;118;119;120;121;123;129;131;130;132;133;134;135;127;128;124;122;217;216;219;218;220;228;227;226;225;215;222;224;223;221;211;210;208;209;212;213;214;229;230;232;231;233;202;203;204;205;201;164;163;506;165;505;507;508;513;512;511;509;510;526;525;524;515;514;523;522;517;516;518;492;490;489;488;487;486;429;428;416;454;446;445;444;399;398;405;407;411;413;412;414;415;427;426;424;431;433;153;434;432;430;425;423;420;421;422;410;409;406;408;419;369;417;374;418;373;378;380;381;382;383;384;385;387;386;388;152;151;150;379;149;147;146;144;143;141;142;145;238;237;239;240;241;242;243;250;251;244;254;252;255;257;256;258;377;376;372;371;375;370;262;260;261;270;360;361;362;364;363;272;356;357;353;354;355;346;348;347;334;335;350;349;401;400;358;359;366;365;367;404;368;403;402;397;396;393;394;395;443;442;440;439;315;314;313;438;324;322;323;320;319;318;317;300;301;316;311;310;312;436;437;464;463;462;461;449;448;450;457;456;455;453;452;451;447;441;390;391;392;389;321;327;325;326;330;331;329;328;333;345;352;351;271;273;274;336;337;338;339;340;342;343;341;344;332;283;282;281;280;279;278;277;275;276;269;268;267;289;286;285;287;288;290;291;293;292;294;295;296;299;298;297;306;305;304;302;303;284;263;265;264;266;259;253;248;245;246;247;249;236;235;234;140;139;166;167;138;168;169;173;174;175;172;171;176;177;178;179;180;186;182;181;170;148;185;184;183;187;190;189;188;192;194;193;206;207;196;198;199;200;197;195;191;162;161;160;159;504;503;502;158;154;157;156;155;500;498;501;499;496;497;495;435;493;494;491;519;459;458;460;520;521;527;528;529;535;536;538;537;534;533;532;531;530;472;471;470;469;468;465;466;467;474;475;473;601;560;545;559;544;543;540;539;542;541;547;550;548;551;553;554;558;556;557;555;552;549;546;561;562;563;565;564;573;572;571;588;587;575;574;577;578;576;579;581;580;582;584;583;586;589;590;585;639;647;640;641;642;643;644;645;646;638;656;637;657;658;635;636;593;592;591;594;595;596;597;608;599;600;634;611;610;609;607;598;570;569;567;566;568;606;604;605;602;603;612;614;616;615;613;617;618;620;621;622;633;632;631;630;628;629;627;626;625;624;623;484;483;482;485;619;481;476;477;480;479;478;3;1;2;4;5;18;20;21;22;23;25;27;26;24;19;7;9;6;8;
Melhor Alcançado;323597.000000; Geração;4
Qtde de Entradas Recursivas;0; Qtde Execuções Recursivas;0; Qtde Execuções das Combinações;0



