Instância;./files/gr666.xml
Execução;20 / 25
Tamanho da Populaçap;200
Máximo de gerações;300
Mutação;6
Cruzamento;3
% Manpulação;30
% Mutação;2
Print Parcial;1
Ativa Recursivo;0
Percentual de Redução;78
Profundidade Máxima;100
Percentual de Eltismo;70
Seleção para Cruzamento;0
Forma de Seleção par Mutação;1

Geração 1 / 300:;Profundidade;0;Melhor;416166.000000;Pior;4796426.000000;Media;4360318.715000;Tempo;3479.000000
Geração 2 / 300:;Profundidade;0;Melhor;355524.000000;Pior;4796963.000000;Media;4292723.205000;Tempo;6929.000000
Geração 3 / 300:;Profundidade;0;Melhor;341314.000000;Pior;4776320.000000;Media;4210067.130000;Tempo;10299.000000
Geração 4 / 300:;Profundidade;0;Melhor;336369.000000;Pior;4793089.000000;Media;4146828.795000;Tempo;13728.000000
Geração 5 / 300:;Profundidade;0;Melhor;333569.000000;Pior;4758984.000000;Media;4065166.725000;Tempo;17149.000000
Temmpo de execução;17149.000000
melhor;333569.000000
Individuo;0;309;308;307;301;300;316;317;318;319;320;322;324;323;314;313;315;439;440;442;443;395;441;390;391;392;396;401;400;367;366;365;359;358;355;354;345;333;332;344;343;341;342;340;339;338;337;336;274;279;278;275;276;277;280;282;281;283;328;329;330;326;325;321;327;331;389;335;334;347;348;350;349;346;352;353;356;357;272;351;271;273;269;268;267;286;289;285;288;287;290;293;291;292;294;295;299;298;296;297;305;306;304;303;302;284;263;264;265;266;259;253;248;245;252;254;244;251;250;243;242;147;149;379;150;387;381;380;258;257;256;255;262;261;260;270;362;364;363;361;360;370;371;375;377;378;376;372;373;374;419;418;417;369;408;406;404;368;403;402;397;393;394;399;444;398;405;407;411;409;410;422;421;420;423;425;424;426;427;429;428;416;415;413;414;412;446;454;490;489;493;494;495;496;499;501;500;497;435;488;486;487;433;432;431;430;384;383;382;385;386;388;151;152;153;434;154;157;155;156;158;159;504;503;502;513;508;506;505;507;165;164;163;160;161;162;191;197;195;193;194;206;207;196;198;199;200;201;205;204;203;202;233;231;232;230;229;214;213;212;208;209;210;211;221;223;222;224;215;225;226;227;228;219;220;218;216;188;192;190;189;187;186;180;178;179;177;176;175;174;173;172;171;181;170;182;183;184;185;148;146;239;240;241;246;247;236;249;235;237;238;145;144;143;142;141;140;234;139;166;169;168;167;138;131;132;133;134;135;83;84;85;136;137;102;117;125;126;127;128;124;123;122;121;119;120;118;111;112;110;109;106;105;115;114;113;116;104;103;101;100;99;98;97;96;94;93;95;92;664;662;663;661;660;659;21;20;24;22;23;25;26;27;28;52;53;56;57;58;61;62;60;59;55;54;64;65;63;66;67;68;69;70;71;91;90;89;88;87;86;82;81;80;79;78;77;76;75;74;73;72;51;50;49;44;40;35;34;33;39;38;32;31;30;29;36;37;43;41;42;48;47;46;45;17;16;15;14;13;12;11;10;8;9;6;7;19;18;5;4;3;2;1;478;479;480;477;464;463;437;436;310;311;312;438;447;451;452;445;453;455;456;457;450;449;448;461;462;465;468;466;467;473;469;470;471;472;530;529;535;528;527;526;524;521;520;460;519;459;458;491;492;518;516;517;522;523;514;515;525;512;511;510;509;537;538;536;534;533;532;531;539;540;542;541;547;550;553;554;557;558;556;555;551;548;552;549;545;544;543;559;601;560;561;546;562;563;606;604;605;602;603;612;614;475;474;476;481;482;483;484;623;624;625;626;627;630;629;631;628;485;619;618;616;615;613;617;620;621;622;632;633;634;611;610;609;608;600;599;598;607;569;570;568;567;566;565;564;573;572;571;574;577;575;576;578;579;580;581;582;583;584;585;590;589;586;587;588;597;596;595;594;591;592;593;639;647;640;641;642;643;644;645;646;656;637;638;636;635;658;657;653;652;654;655;651;650;648;649;665;107;108;217;129;130;498;
Melhor Alcançado;333569.000000; Geração;5
Qtde de Entradas Recursivas;0; Qtde Execuções Recursivas;0; Qtde Execuções das Combinações;0



