Instância;./files/gr666.xml
Execução;3 / 25
Tamanho da Populaçap;200
Máximo de gerações;300
Mutação;6
Cruzamento;3
% Manpulação;30
% Mutação;2
Print Parcial;1
Ativa Recursivo;0
Percentual de Redução;78
Profundidade Máxima;100
Percentual de Eltismo;70
Seleção para Cruzamento;0
Forma de Seleção par Mutação;1

Geração 1 / 300:;Profundidade;0;Melhor;392634.000000;Pior;4806355.000000;Media;4367812.460000;Tempo;3746.000000
Geração 2 / 300:;Profundidade;0;Melhor;346070.000000;Pior;4722410.000000;Media;4299611.210000;Tempo;7448.000000
Geração 3 / 300:;Profundidade;0;Melhor;333716.000000;Pior;4705379.000000;Media;4210450.525000;Tempo;11139.000000
Geração 4 / 300:;Profundidade;0;Melhor;327474.000000;Pior;4742104.000000;Media;4138790.320000;Tempo;14842.000000
Temmpo de execução;14842.000000
melhor;327474.000000
Individuo;0;309;308;11;6;7;9;8;10;29;30;36;37;41;43;12;42;48;47;46;45;13;14;15;16;17;234;140;235;236;247;246;239;240;241;237;238;145;144;142;143;141;139;166;169;168;167;138;173;174;175;172;171;170;181;182;148;151;150;379;149;147;146;242;250;251;243;245;248;249;263;265;264;266;259;253;254;244;252;255;257;256;258;375;370;262;260;261;270;360;361;362;363;364;371;372;373;378;376;377;380;381;382;383;384;430;432;425;424;426;427;431;433;487;486;429;428;416;446;454;488;490;489;493;494;492;491;459;458;519;460;520;521;524;525;512;511;510;509;526;528;527;529;535;536;537;538;550;548;547;541;542;543;540;539;534;533;532;531;530;472;471;470;469;473;468;465;462;461;463;464;466;467;475;474;476;477;480;479;484;623;485;483;482;481;619;618;621;620;617;613;615;616;614;612;610;611;609;603;602;605;604;606;568;566;567;569;570;571;572;573;564;565;563;562;561;601;560;559;545;544;546;549;552;551;553;554;555;557;556;558;577;574;575;576;578;579;580;581;582;584;583;586;587;588;589;590;585;639;647;640;641;642;643;644;645;646;638;637;636;593;592;591;594;595;596;597;599;607;598;608;600;634;633;622;632;631;627;629;630;628;624;625;626;635;658;657;656;655;654;653;652;651;648;649;650;665;107;108;109;110;112;111;113;117;118;119;120;121;122;124;123;128;127;126;125;102;103;101;100;104;116;114;115;105;106;664;663;661;662;660;659;2;1;478;3;4;18;5;19;21;20;22;23;25;24;26;31;32;38;39;44;49;40;35;34;33;27;28;52;53;54;55;56;57;58;59;61;62;60;63;64;65;66;67;68;69;70;71;88;51;50;72;73;75;74;76;77;78;79;80;81;86;82;87;90;89;91;92;95;93;94;96;97;98;99;137;136;84;85;83;135;134;133;132;130;131;129;217;216;176;177;178;179;180;186;183;184;185;162;161;160;197;199;198;196;195;191;190;187;189;188;192;193;194;206;207;218;219;220;228;227;224;226;225;215;223;221;222;211;210;208;209;212;213;214;229;230;232;231;233;202;204;205;203;201;200;164;165;508;507;505;506;163;159;504;503;158;502;513;515;514;523;522;516;517;518;495;496;435;497;499;498;501;500;155;157;156;154;434;153;152;388;387;386;385;420;423;421;422;410;409;408;406;407;411;413;414;415;412;445;451;452;453;455;456;457;450;449;448;447;443;442;395;441;390;391;392;393;394;399;444;405;398;397;402;396;350;400;401;403;404;368;367;369;419;417;418;374;365;366;358;355;346;349;348;347;334;335;389;331;321;327;325;326;330;329;328;283;332;333;345;352;354;353;357;356;272;271;351;273;274;336;337;338;340;343;344;342;341;339;279;282;281;280;278;275;277;276;269;268;267;286;289;288;285;284;287;290;291;293;292;294;295;318;317;316;319;320;322;323;324;440;439;315;314;313;312;438;437;436;310;311;307;301;300;299;298;297;306;303;302;304;305;296;359;
Melhor Alcançado;327474.000000; Geração;4
Qtde de Entradas Recursivas;0; Qtde Execuções Recursivas;0; Qtde Execuções das Combinações;0



