Instância;./files/gr666.xml
Execução;15 / 25
Tamanho da Populaçap;200
Máximo de gerações;300
Mutação;6
Cruzamento;5
% Manpulação;30
% Mutação;2
Print Parcial;1
Ativa Recursivo;0
Percentual de Redução;78
Profundidade Máxima;100
Percentual de Eltismo;70
Seleção para Cruzamento;0
Forma de Seleção par Mutação;1

Geração 1 / 300:;Profundidade;0;Melhor;399639.000000;Pior;4792794.000000;Media;4375294.105000;Tempo;3784.000000
Geração 2 / 300:;Profundidade;0;Melhor;349274.000000;Pior;4740147.000000;Media;4294617.495000;Tempo;7513.000000
Geração 3 / 300:;Profundidade;0;Melhor;336871.000000;Pior;4762130.000000;Media;4215721.800000;Tempo;11233.000000
Geração 4 / 300:;Profundidade;0;Melhor;331508.000000;Pior;4728309.000000;Media;4137854.450000;Tempo;14957.000000
Temmpo de execução;14957.000000
melhor;331508.000000
Individuo;0;309;11;9;8;30;29;36;37;38;39;32;31;33;34;35;40;64;63;62;61;58;59;60;55;56;57;54;53;52;28;27;26;25;23;22;21;20;24;19;5;18;7;6;4;3;2;1;478;480;479;484;483;482;481;619;485;623;624;625;626;627;628;629;630;631;632;633;634;635;658;657;637;656;645;646;638;636;593;592;591;594;595;596;597;599;600;608;607;598;609;610;611;613;622;621;620;618;617;616;615;614;612;603;602;605;604;606;563;565;564;573;567;566;568;569;570;572;571;574;577;575;578;576;579;580;581;582;583;584;586;587;588;589;590;585;639;647;640;641;644;642;643;648;649;650;651;655;654;652;653;659;660;662;661;663;664;92;95;94;93;91;89;90;87;82;86;81;80;79;78;77;76;74;75;88;71;70;69;68;67;66;65;72;73;50;51;49;44;43;41;12;42;48;47;46;45;13;14;15;16;17;308;307;301;300;299;298;296;297;305;306;302;303;304;291;292;295;294;293;290;287;284;288;285;289;286;267;268;276;277;275;278;280;282;281;283;328;330;329;333;345;332;344;340;342;343;341;339;337;338;336;279;274;273;351;356;353;352;354;355;358;400;401;350;349;346;348;347;334;335;389;331;321;327;326;325;320;318;317;316;319;322;324;323;314;313;439;315;438;312;311;310;436;437;463;464;477;476;475;474;467;466;465;468;469;473;601;560;562;561;546;549;552;555;556;558;557;554;551;553;550;548;559;545;544;543;540;542;541;547;537;538;536;535;529;534;533;532;539;531;530;472;470;471;528;527;526;525;523;514;515;516;522;524;521;520;460;457;458;459;519;517;518;492;491;490;489;435;493;494;495;496;497;499;500;498;501;155;154;156;157;158;503;504;502;513;512;511;510;509;508;505;506;507;165;202;164;163;159;160;161;162;191;185;184;183;187;189;190;192;188;180;186;179;178;177;176;175;174;173;172;171;181;182;170;148;152;153;385;386;387;388;151;150;149;379;380;381;382;383;384;425;431;427;426;424;430;432;433;434;487;486;488;455;456;450;462;461;449;448;447;451;452;453;454;446;416;428;429;415;412;414;413;411;410;422;421;423;420;419;418;374;417;369;404;406;408;409;407;405;398;393;394;395;399;444;445;443;442;440;441;390;391;392;396;397;402;403;368;367;366;359;365;373;372;376;378;377;258;375;371;370;360;361;362;363;364;357;272;271;269;270;261;260;262;257;256;255;244;252;254;253;259;266;265;264;263;249;236;235;246;247;248;245;243;242;250;251;147;146;240;239;241;237;238;145;144;143;142;141;234;140;139;166;169;168;167;138;132;133;134;135;83;84;85;136;96;97;98;99;100;101;137;102;103;104;116;114;113;109;110;112;111;118;119;120;117;125;126;128;127;121;122;124;123;129;130;131;216;220;218;219;207;206;194;193;195;196;197;199;198;200;201;203;204;205;233;231;232;230;229;215;214;213;212;209;208;210;211;221;222;223;224;225;226;227;228;217;665;108;107;106;115;105;10;
Melhor Alcançado;331508.000000; Geração;4
Qtde de Entradas Recursivas;0; Qtde Execuções Recursivas;0; Qtde Execuções das Combinações;0



