Instância;./files/gr666.xml
Execução;24 / 25
Tamanho da Populaçap;200
Máximo de gerações;300
Mutação;6
Cruzamento;3
% Manpulação;30
% Mutação;2
Print Parcial;1
Ativa Recursivo;0
Percentual de Redução;78
Profundidade Máxima;100
Percentual de Eltismo;70
Seleção para Cruzamento;0
Forma de Seleção par Mutação;1

Geração 1 / 300:;Profundidade;0;Melhor;416675.000000;Pior;4903533.000000;Media;4367980.525000;Tempo;3462.000000
Geração 2 / 300:;Profundidade;0;Melhor;355934.000000;Pior;4876391.000000;Media;4297345.180000;Tempo;6890.000000
Geração 3 / 300:;Profundidade;0;Melhor;337865.000000;Pior;4806848.000000;Media;4202111.955000;Tempo;10323.000000
Geração 4 / 300:;Profundidade;0;Melhor;329885.000000;Pior;4868764.000000;Media;4107217.855000;Tempo;13752.000000
Geração 5 / 300:;Profundidade;0;Melhor;327162.000000;Pior;4827731.000000;Media;3998295.270000;Tempo;17179.000000
Temmpo de execução;17179.000000
melhor;327162.000000
Individuo;0;309;308;307;301;300;299;298;296;297;305;306;303;302;304;291;295;294;292;293;290;289;286;285;287;288;284;263;264;265;266;259;253;254;255;256;257;258;379;387;386;385;384;383;382;381;380;378;377;376;375;371;370;262;261;260;360;361;270;271;351;273;269;268;267;276;277;275;278;274;336;279;280;282;281;283;332;344;341;343;342;340;339;338;337;352;356;353;357;272;363;362;364;365;372;373;374;418;417;369;419;408;409;410;422;421;423;420;425;430;432;433;431;424;426;427;428;429;486;487;434;153;154;155;157;156;500;501;498;499;497;496;495;494;493;435;488;489;490;492;491;459;458;519;522;518;517;516;523;515;514;524;521;520;460;457;456;455;453;452;451;445;412;446;454;416;415;414;413;411;405;407;406;404;368;367;366;359;358;355;354;346;347;348;349;350;400;401;403;396;402;397;398;444;399;393;394;395;443;442;441;390;391;392;389;335;334;345;333;328;329;331;330;326;325;327;321;320;318;317;319;316;323;322;324;440;439;315;313;314;438;312;311;310;436;437;447;448;449;450;461;462;463;464;477;482;483;481;619;485;618;617;613;620;621;622;632;633;631;630;627;629;628;626;625;624;623;484;479;480;478;1;2;3;4;5;18;20;21;22;23;25;28;27;52;53;54;34;35;40;39;38;33;32;31;26;24;19;7;6;8;9;11;10;29;30;36;37;41;12;13;15;17;16;14;45;46;47;48;42;43;44;49;50;51;73;72;64;55;56;57;58;59;61;62;60;63;65;67;66;68;70;71;89;90;91;94;93;95;92;97;98;96;99;100;101;137;136;81;86;82;87;88;75;74;76;77;78;79;80;85;84;83;135;134;133;132;131;130;129;217;216;220;219;218;207;206;193;194;192;188;190;189;187;186;176;177;178;179;180;182;181;170;171;172;175;173;174;169;138;168;167;166;139;140;234;249;236;235;143;142;141;144;145;238;237;241;239;240;246;247;248;245;252;244;251;250;243;242;146;147;149;150;151;388;152;148;183;184;185;191;195;196;198;197;199;200;201;204;203;205;213;214;212;209;208;210;211;222;223;221;224;227;228;226;225;215;229;232;230;231;233;202;164;165;507;508;505;506;163;160;161;162;158;159;504;503;502;513;512;511;509;510;525;526;527;528;529;535;536;538;537;534;541;547;550;553;555;556;558;557;554;551;548;552;549;546;562;563;606;568;569;570;571;572;573;567;566;565;564;561;560;601;559;545;544;543;542;540;539;532;533;531;530;472;471;470;469;473;468;465;466;467;476;474;475;615;616;614;612;603;602;604;605;609;610;611;634;600;608;599;607;598;597;596;595;594;591;592;585;590;586;589;588;587;575;574;577;578;576;579;580;581;582;583;584;640;641;647;639;593;636;635;658;657;656;637;638;646;645;644;642;643;648;649;650;651;655;654;652;653;660;659;662;661;663;664;665;108;107;106;105;115;114;116;104;103;102;125;117;113;109;110;112;111;118;119;120;121;122;123;124;128;127;126;69;
Melhor Alcançado;327162.000000; Geração;5
Qtde de Entradas Recursivas;0; Qtde Execuções Recursivas;0; Qtde Execuções das Combinações;0



